[{"scale_means": [83.58621685515651, -1.5506574924642984, 0.22469310541179327, -0.149957316813624, 0.194528882974538, -0.052124430570588166, 0.16220818710134238, 0.056031122508811676, 0.11463616447129063, -0.022078915484738164, 0.06002026749330547, 0.040691575747020974], "scale_stddevs": [5.390971547321711, 2.0741581692395377, 1.1992497478933648, 1.275076599967164, 1.1287611263795196, 1.1467963248788717, 1.2341742349248435, 1.3267507751143908, 1.2222700031103244, 1.2114177867869138, 1.2238637819021834, 1.2629325680610515], "means": [[-1.2212681556266196, 2.574540109879582, 2.0603340446083083, 1.5854030550231168, 1.975888622846602, 1.4638376951533416, 1.3998773190777183, 1.3377957835231575, 1.1869263462749422, 0.5804437666689565, 0.3468882758939093, 0.5806101868618386], [-4.205673751865374, 3.2399123768361537, 3.1333520919512474, 3.915838214336114, 3.2460068328658425, 1.0803757344149487, 2.1331857889746084, 3.382909076974572, 1.9216973738219427, 0.1330277745394929, -0.1625602290290883, 1.5648953001778378], [-3.442731410447112, 3.678855499807552, 2.8033401778585025, 2.981226704627411, 2.2313532200795794, 1.7077702659970484, 2.502965724934014, 2.7208280028208573, 1.1151579088569754, -0.001561189650177221, 0.16965413315175726, 1.6505863548897903], [-0.40833146022639094, 1.7506814979756478, 1.3651138152368116, 1.2373166238033666, 1.0918347275501619, 1.03023780705998, 0.8600279300186555, 0.7755460116477042, 0.5721539562259546, 0.510769311312641, 0.41544751499058236, 0.319910426655762], [0.17046927109398138, -0.3501877492410918, -0.2456870626864253, -0.2697865314479411, -0.19952256781173372, -0.16732421682743193, -0.13849678727692633, -0.16392415362658103, -0.10991280625245213, -0.055582182079185, -0.04450656604268594, -0.07122414194546813], [-2.999998168476735, 2.851694552251141, 2.0042684869094765, 3.3231949349224728, 1.4338553338377213, 2.4453251183851465, 1.8353039876961448, 1.6443072287502871, 0.9051575808932325, 0.9747043113414532, 0.37171101184426075, 0.8890103187914868], [-3.9945008540430265, 3.713098488547191, 3.8007776435181375, 4.191524532532859, 2.981172744959914, 0.791449323036482, 1.1786050216901545, 2.0905116555983985, 0.29764622036340166, -1.0976545585551234, -0.8023451414487087, 0.8349281720122829], [-4.134944035293471, 4.4023194469105995, 3.5584123700818413, 1.7001435908075127, 1.6328861261076104, 3.2978324716542855, 3.5586801455318904, 2.4474649383597895, 1.2984871497024408, 0.77351892574659, 0.7284156814584343, 1.1025473824026342], [-3.901857808617861, 3.9201671294284277, 3.672182868490219, 2.879671490102133, 2.6650199035448567, 2.7033959241492567, 2.4483463969182977, 2.0556176157290023, 1.62058432956748, 1.2724869620783914, 1.0682699111036338, 1.1754756001800994], [-3.7631033581685362, 3.2907959743148627, 3.0335005629219305, 3.967184833717021, 3.4275431943385617, 1.3801147266870823, 2.4694624069584705, 3.197876961245849, 1.8312562113291977, 0.4947667662574805, 0.47970647764494845, 2.28578846963168], [-3.722114337577882, 4.200320497924401, 2.6899180686448005, 2.4817997530031763, 1.0869734079080258, 1.122312706115857, 2.8747527371250845, 2.6313508603291536, 1.0042242672998822, 0.34155754317216336, -0.4405822606660122, 0.3355966109084465], [-0.0027751454256428384, 2.0769303682440334, 0.800897034385474, 0.8805720592019107, 0.7825781112958352, 0.6073139724346881, 0.13994730874440822, -0.0716575110878328, 0.14741409616271287, 0.07970027220335844, -0.07976238546597585, -0.08766966297940013], [-1.4409901997705037, 3.2517194497399085, 2.992198722363368, 2.3016796816536953, 1.9846853834802227, 1.5793089886920968, 1.0565894306824057, 0.7132996039376943, 0.6614635950185164, 0.6921360126534956, 0.5015687314747777, 0.2675399138768908], [-4.711403016461353, 3.7649813633752713, 3.9401173632629956, 2.7346137467129203, 2.4522621576673345, 2.797955501991334, 2.4211375484295243, 1.9142088345696064, 1.4590503555953878, 1.0865375165224112, 0.7171282625878266, 0.9006229155379523], [-3.3614237816300117, 3.2407947928630123, 1.3784472058477952, 3.885344534579195, 5.769828995853446, 1.5174763745815107, -1.5013322278523051, 1.7889892870879427, 4.4075777114129515, -0.3417029865511108, -3.179397368014066, 0.8228700136617794], [0.26732188210889307, 0.9941724823657909, -0.8953313751155657, -0.2181735237017271, -0.19880971871381634, -0.14130897018350763, -0.1506774038361647, -0.10867210471545621, -0.09656522776309354, -0.048874847534386694, -0.05476771474642782, -0.06142946722127631]], "n_train": 57567, "weights": [0.011626639155634185, 0.08496662653982646, 0.056426357494636065, 0.014524739763208018, 0.1466109890360374, 0.021790844664272377, 0.09461839620371154, 0.04119817774782457, 0.05438851467927311, 0.07647343434884865, 0.03081209452858755, 0.05168056381932114, 0.005624680090008063, 0.13354070628755094, 0.009048920335780503, 0.16666831530548287], "n_components": 16, "n_classes": 10, "n_features": 12, "covars": [[[0.23720272355982297, -0.11504161820277714, -0.09757178444707248, 0.07234032309801397, -0.005517733923253498, -0.06233087987514008, -0.13851788600500559, -0.1971107694381249, -0.13324384204697481, -0.22214672692509707, -0.031623670080251576, -0.046711028028915025], [-0.11504161820277714, 0.6065419747517901, 0.04425253800426088, -0.45327999164361144, -0.6818280056711545, -0.2134283370827843, 0.28890984555524035, -0.05211709085785188, -0.38092420051703746, 0.20172322699772516, 0.27317724680191424, -0.18899168812797518], [-0.09757178444707248, 0.04425253800426088, 2.6229301328977512, -0.014481870019752652, -0.6161676450052092, -0.3268789311081166, -0.14318903066510158, -0.014965395833372863, -0.7987514614239828, 0.18041003782839948, 0.37638196363607035, -0.11337595241974707], [0.07234032309801441, -0.45327999164361144, -0.014481870019752652, 2.3534160064714458, 0.7586598773173381, -0.7755761402290002, -0.8389408081119951, -0.4607531460355334, 0.7204641921744921, -0.5473680035367794, -0.5647685080145305, -0.04144057771303222], [-0.005517733923253498, -0.6818280056711545, -0.61616764500521, 0.7586598773173381, 4.968368444265957, 0.4329406603910031, -1.704558909243539, 0.10331705086492304, 0.9263324489792444, -0.4181513889001782, -0.7559965396438539, 0.61154990308582], [-0.06233087987514008, -0.2134283370827843, -0.3268789311081166, -0.7755761402290002, 0.4329406603910031, 4.004879809960708, -0.15732711116199205, -0.4587435828193285, 0.671259541622464, -0.2620042493605733, -0.13767019552919801, 0.15798643979016835], [-0.13851788600500559, 0.28890984555524035, -0.14318903066510158, -0.8389408081119951, -1.704558909243539, -0.15732711116199205, 5.1804544898719405, 0.3921734879588499, -1.5355489076707558, 0.8589932661413378, 0.7717181814650882, 0.01865559089984925], [-0.1971107694381249, -0.05211709085785188, -0.014965395833372863, -0.4607531460355334, 0.10331705086492304, -0.4587435828193285, 0.3921734879588499, 3.746582100300174, -0.6026389904833013, -0.030965844496816164, 0.5991811789198631, -0.011620992428072574], [-0.13324384204697481, -0.38092420051703746, -0.7987514614239828, 0.7204641921744921, 0.9263324489792435, 0.671259541622464, -1.5355489076707556, -0.6026389904833015, 5.3913593459831475, -0.7621389507121917, -1.0698051635167256, 0.594375824489299], [-0.22214672692509718, 0.20172322699772471, 0.18041003782839926, -0.5473680035367794, -0.41815138890017833, -0.2620042493605734, 0.8589932661413378, -0.030965844496816164, -0.7621389507121917, 4.032533436595399, 0.14938903990355049, -0.06150295190199123], [-0.03162367008025163, 0.27317724680191424, 0.37638196363607035, -0.5647685080145305, -0.755996539643854, -0.13767019552919807, 0.7717181814650882, 0.5991811789198633, -1.0698051635167256, 0.14938903990355043, 4.198311262377495, 0.02133577497442113], [-0.046711028028915025, -0.18899168812797518, -0.11337595241974707, -0.041440577713032445, 0.61154990308582, 0.15798643979016835, 0.018655590899849472, -0.011620992428072574, 0.5943758244892988, -0.06150295190199123, 0.021335774974421157, 2.659642799822758]], [[0.03647942184419384, 0.0040331746346602415, -0.010786057221894296, -0.004730673292645093, -0.015569542223484945, -0.008218502481915024, 0.03033015269761563, -0.0006994614669366683, 0.00022658712064682618, 0.030542316837703698, -0.021850479545141965, 0.020569934159373915], [0.004033174634656689, 0.07157114173438883, 0.036352840413336196, -0.053442644834696296, -0.035183558134741943, 0.03913770766795999, -0.004880535487073345, -0.003449075899247589, -0.000293194067093161, -0.02742568818565677, 0.03502758516366489, -0.022784118934010777], [-0.010786057221894296, 0.036352840413336196, 0.24581463790220204, 0.10193496437346283, 0.05031893194979986, 0.06465382636899175, -0.012319752754383018, -0.007785181453245471, 0.008583430716988971, 0.03316187842945917, 0.05041321573817492, 0.013530577599511595], [-0.004730673292645093, -0.053442644834696296, 0.10193496437346283, 0.4573015831294983, 0.25065936794653254, -0.04917936799281897, -0.002852983928063324, -0.0012990791714777572, 0.029412217921843897, 0.0967405718471247, 0.00014660706267954904, 0.08826375131612174], [-0.015569542223484945, -0.035183558134741943, 0.05031893194979986, 0.25065936794653254, 0.6562189402204611, 0.1971734811090049, 0.01582253734355543, 0.018537259223787572, 0.02244811617311182, 0.04240155564052228, 0.06172701001959091, 0.11012741923964953], [-0.008218502481915024, 0.03913770766795999, 0.06465382636899175, -0.04917936799281897, 0.1971734811090049, 0.787333688266623, 0.22192049727323093, 0.024561733982840117, 0.047904790762690386, -0.019870906323448664, 0.12945505979263852, 0.052776351373927444], [0.03033015269761563, -0.004880535487073345, -0.012319752754383018, -0.002852983928063324, 0.015822537343553655, 0.22192049727323093, 0.7780723053689501, 0.3262066183150045, 0.14352706686870853, 0.07910437751623312, -0.10971300805539169, 0.029617941007750392], [-0.0006994614669366683, -0.0034490758992458126, -0.007785181453245471, -0.0012990791714777572, 0.018537259223787572, 0.024561733982840117, 0.3262066183150045, 0.7908760649108709, 0.3203698870884919, 0.018545009713956784, -0.11563528949179291, -0.0054437860818836725], [0.00022658712064682618, -0.000293194067093161, 0.008583430716988971, 0.029412217921843897, 0.02244811617311271, 0.047904790762690386, 0.14352706686870853, 0.3203698870884919, 0.8591753380887038, 0.28633282574322055, 0.04094141345690133, 0.07332307035819907], [0.030542316837703587, -0.02742568818565677, 0.03316187842945917, 0.0967405718471247, 0.04240155564052206, -0.019870906323448623, 0.07910437751623312, 0.018545009713956784, 0.28633282574322055, 1.0617509646038727, 0.31219429905368806, 0.1508755391777931], [-0.021850479545141854, 0.03502758516366489, 0.05041321573817503, 0.00014660706267954904, 0.06172701001959091, 0.1294550597926385, -0.10971300805539169, -0.11563528949179303, 0.04094141345690139, 0.3121942990536881, 1.1084927606574968, 0.3286836218737663], [0.020569934159373915, -0.022784118934010777, 0.013530577599511595, 0.08826375131612174, 0.11012741923964953, 0.052776351373927666, 0.029617941007750392, -0.0054437860818836725, 0.07332307035819907, 0.1508755391777931, 0.3286836218737663, 0.9745059333309439]], [[0.17829833644824034, -0.03654900192298882, -0.10082649054639425, -0.12353865391034446, -0.13683725898424903, 0.010288210700349687, -0.18634033735600042, -0.1976804803624912, -0.011547230894677352, 0.1755964915021864, 0.11790287855142889, -0.024162111660991137], [-0.03654900192298882, 0.37646445330138667, 0.35572898424176813, -0.11516819701964742, -0.0998139803843916, 0.06928488402569233, 0.22481212649553228, 0.10418184154456966, -0.055357272081341335, -0.15722333381622414, -0.14236646605668396, -0.21608282852002159], [-0.10082649054639425, 0.35572898424176813, 0.8008769124757539, 0.2666679193695405, 0.10838752071415136, 0.07651545195769494, 0.07247015693326908, 0.021547812731692595, -0.07238424472554605, -0.14303520736681846, -0.19724157209310855, -0.3097688008773183], [-0.12353865391034446, -0.11516819701964742, 0.2666679193695405, 0.8049066573850207, 0.5303890911587912, -0.016283448805869405, -0.13949840842785388, -0.07212946200215775, -0.027629263223274858, -0.03149548346651986, -0.04138219969892121, 0.0231463479500551], [-0.13683725898424903, -0.0998139803843916, 0.10838752071415136, 0.5303890911587903, 1.0653486835193813, 0.30529604189032167, 0.17886433600974705, 0.1182573803861855, 0.03194467114390953, 0.014754801298385682, 0.11048417073077804, 0.21361257999149652], [0.010288210700349687, 0.06928488402569233, 0.07651545195769494, -0.016283448805869405, 0.30529604189032167, 1.092530810043698, 0.5731443935768121, 0.03280785409969944, 0.051529577510117, 0.18987402629809752, 0.2110873157561951, 0.11299612315661367], [-0.18634033735600042, 0.22481212649553228, 0.07247015693326908, -0.13949840842785388, 0.17886433600974705, 0.5731443935768121, 1.5291907025244762, 0.8650775608191665, 0.2810210707308891, -0.04706262315229514, -0.03484668488715609, 0.2173140434595604], [-0.1976804803624912, 0.10418184154456966, 0.021547812731692595, -0.07212946200215775, 0.1182573803861855, 0.03280785409970033, 0.8650775608191665, 1.3986919435429095, 0.5903614944547892, -0.06888220296830941, -0.06443316053557163, 0.3059171827870646], [-0.011547230894677352, -0.055357272081341335, -0.07238424472554605, -0.027629263223274858, 0.03194467114390909, 0.051529577510117, 0.2810210707308891, 0.5903614944547892, 1.2051862587176685, 0.649119037108684, 0.27112023950277986, 0.23813346081136277], [0.17559649150218626, -0.15722333381622414, -0.14303520736681846, -0.03149548346651978, 0.014754801298385597, 0.18987402629809746, -0.04706262315229514, -0.06888220296830942, 0.649119037108684, 1.5827355349620666, 0.7746293087371631, 0.18793372539280467], [0.11790287855142889, -0.1423664660566839, -0.1972415720931085, -0.04138219969892126, 0.11048417073077804, 0.2110873157561951, -0.03484668488715603, -0.06443316053557158, 0.27112023950277986, 0.7746293087371631, 1.3231337671940313, 0.6619558803841319], [-0.024162111660991137, -0.21608282852002159, -0.3097688008773183, 0.0231463479500551, 0.21361257999149652, 0.11299612315661367, 0.2173140434595604, 0.3059171827870646, 0.23813346081136277, 0.18793372539280465, 0.6619558803841319, 1.5264173408383264]], [[0.16822895953085348, -0.2581511310901963, -0.22949925461160148, -0.16483701549141683, -0.10453869158202361, -0.18221243964592254, -0.13591729980370953, -0.02241995612107961, -0.07530382009879033, -0.10346595524693986, -0.04052363062237474, -0.05481221483784479], [-0.2581511310901963, 1.3026707597916203, 0.7164831991669711, 0.2398580239924506, 0.24062359720543736, 0.08244110690190132, 0.14865449013817122, -0.1423653262524831, -0.13498900154438576, -0.036748545083008066, -0.16264448837097367, -0.07513465830084554], [-0.2294992546116017, 0.7164831991669711, 1.3157583455409412, 0.4707955393073149, 0.18578876877991735, 0.29255992735346004, 0.17199787946230294, -0.05525211033743305, -0.07286862178699172, 0.08283173471451533, -0.031490288922996434, -0.06626133934275769], [-0.16483701549141683, 0.2398580239924506, 0.4707955393073149, 1.1915774366208243, 0.4931804471685801, 0.27056878707978815, 0.11083637646320921, 0.11219616737523974, -0.004132827211291046, 0.06357301674475402, 0.08331027020175075, 0.0774282998431512], [-0.10453869158202361, 0.24062359720543736, 0.18578876877991735, 0.4931804471685801, 1.43385652588516, 0.45322747930997775, 0.009908596686000526, 0.12336508576749694, 0.08672187273965482, 0.07509050258271832, 0.037497283782763624, -0.03804029592970637], [-0.18221243964592254, 0.08244110690190132, 0.2925599273534598, 0.27056878707978815, 0.45322747930997775, 1.5521889089939542, 0.4056210465894615, 0.05714948638908357, 0.16267022781783413, 0.29197309292062734, 0.2069101224461587, -0.05420587844026681], [-0.13591729980370953, 0.14865449013817122, 0.17199787946230294, 0.11083637646320943, 0.009908596686000637, 0.4056210465894615, 1.3324167940593075, 0.21579150841576356, 0.2346022825620196, 0.4187386959665254, 0.14782076339190475, 0.0706223641215396], [-0.022419956121079665, -0.1423653262524831, -0.05525211033743327, 0.11219616737523974, 0.12336508576749694, 0.05714948638908357, 0.21579150841576356, 1.1753161216753651, 0.3470062537006208, 0.026782320302761786, 0.20151955053459664, 0.12088928723853437], [-0.07530382009879033, -0.13498900154438576, -0.07286862178699194, -0.004132827211291046, 0.08672187273965482, 0.16267022781783413, 0.2346022825620196, 0.3470062537006208, 1.4070967278919004, 0.37639765800008895, 0.15915376342783213, 0.18950745679062345], [-0.10346595524693986, -0.036748545083008066, 0.08283173471451533, 0.06357301674475402, 0.07509050258271832, 0.29197309292062734, 0.4187386959665254, 0.026782320302761786, 0.37639765800008895, 1.5850289450972725, 0.3788784676210668, 0.04296317991523335], [-0.04052363062237474, -0.16264448837097367, -0.031490288922996434, 0.08331027020175064, 0.037497283782763624, 0.2069101224461587, 0.14782076339190475, 0.20151955053459686, 0.1591537634278322, 0.3788784676210668, 1.4170481460013604, 0.23073630045024943], [-0.05481221483784479, -0.07513465830084554, -0.06626133934275752, 0.0774282998431512, -0.03804029592970637, -0.05420587844026681, 0.0706223641215396, 0.12088928723853437, 0.18950745679062345, 0.04296317991523335, 0.23073630045024943, 1.42212431617132]], [[0.004295116082501569, 0.00776683987031037, 0.0016640850065453017, 0.0020292437063479524, -0.0002740504883946421, -0.00035730788864619945, -0.0014626119947664246, -0.0006812031590732251, -0.002009178042996284, -0.0017033184154522409, -0.0017012197792891605, -0.0020142041733815595], [0.00776683987031037, 0.04592800123941186, 0.02781318997254724, 0.009011232627858273, 0.007041608227597182, -9.517389040439306e-05, -0.002412606280684182, -0.0036826981553751137, -0.005059866596297299, -0.007552774931494763, -0.005130585234877149, -0.006837335971357845], [0.0016640850065453017, 0.02781318997254724, 0.23345928864440632, 0.0963274216766497, 0.023457682375335097, 0.01161597034817937, -0.010480168303184333, -0.0033739723064458577, -0.017619396060907774, -0.011220676097163393, -0.023747847843937974, -0.0109671205707659], [0.0020292437063479524, 0.009011232627858273, 0.0963274216766497, 0.3085349666195265, 0.14261626578607964, 0.02094690601168929, 0.01058705354168741, -0.010749764888158153, -0.00411404750592622, -0.011659314566751865, -0.010881505689274833, -0.018029025552670525], [-0.00027405048839463514, 0.007041608227597182, 0.023457682375335097, 0.14261626578607964, 0.5412753160863439, 0.19618456217459868, 0.016298187324822994, 0.006768711783864109, -0.011582348631902736, -0.0007998839284454641, -0.00973295621336983, -0.003207766074073637], [-0.0003573078886461925, -9.51738904044e-05, 0.01161597034817937, 0.02094690601168929, 0.19618456217459862, 0.6399877939063601, 0.2009139030562648, 0.01865447800757254, 0.024954326473295062, -0.009690661424382905, 0.004751745542764303, -0.012072528180745378], [-0.0014626119947664246, -0.002412606280684182, -0.010480168303184337, 0.01058705354168741, 0.016298187324822994, 0.2009139030562648, 0.6660882177614414, 0.21416633533379809, 0.019615012333510692, 0.018405473306791636, -0.021645365109927893, 0.002611750062644958], [-0.0006812031590732251, -0.0036826981553751206, -0.0033739723064458507, -0.010749764888158153, 0.006768711783864109, 0.018654478007572545, 0.21416633533379809, 0.6557264751724151, 0.2404230178935094, 0.014532804465064896, 0.0018429200592727062, -0.011301260873464763], [-0.002009178042996284, -0.005059866596297299, -0.01761939606090777, -0.004114047505926217, -0.011582348631902733, 0.024954326473295062, 0.019615012333510692, 0.2404230178935094, 0.8357001770114688, 0.2812131592746641, 0.020995093280246548, -0.004470765824493324], [-0.0017033184154522374, -0.007552774931494758, -0.011220676097163394, -0.011659314566751866, -0.0007998839284454641, -0.009690661424382904, 0.01840547330679163, 0.014532804465064903, 0.2812131592746641, 0.9002558971979336, 0.278541406197807, 0.020799464111654543], [-0.0017012197792891587, -0.005130585234877147, -0.023747847843937978, -0.010881505689274835, -0.00973295621336983, 0.004751745542764294, -0.021645365109927893, 0.0018429200592727096, 0.020995093280246555, 0.278541406197807, 0.9192988712926795, 0.2779876876525092], [-0.0020142041733815595, -0.006837335971357845, -0.0109671205707659, -0.01802902555267052, -0.003207766074073635, -0.012072528180745378, 0.0026117500626449634, -0.011301260873464766, -0.004470765824493319, 0.020799464111654536, 0.2779876876525092, 0.8534948384693548]], [[0.9568285430267137, -0.1308519504803911, -0.2362008495870933, 0.05346427646654561, -0.10545315286942891, 0.18861972508251768, -0.34398758260267925, 0.1811290259334477, -0.0670800046699287, 0.07930274299289408, 0.15733540684181824, 0.1244921011718576], [-0.1308519504803911, 0.8802291512713781, -0.13019066970761806, -0.36509978591223735, 0.3162994404480335, -0.034765778813034665, 0.12396613698819703, -0.24438644686391875, -0.057859985570696715, 0.01315619827730341, -0.20837305116995686, -0.10509413337271489], [-0.2362008495870933, -0.13019066970761806, 3.1678340439607466, 0.6658651982846333, -0.5084808501615639, -0.034901020585420994, -0.07047081961504142, 0.43961178193678396, 0.08183403386694077, -0.34370372112799585, -0.16149499162035752, 0.05011909584519669], [0.05346427646654561, -0.36509978591223735, 0.6658651982846351, 2.6507932365795708, 0.060073568267447364, -0.5189279400384175, 0.5211781628734169, 0.27078968570917183, -0.13721386278734604, -0.5052432156301969, -0.19453396901580855, -0.016595105912388775], [-0.10545315286942891, 0.3162994404480335, -0.5084808501615639, 0.060073568267447364, 3.1473421973236873, -0.5320284125526809, 0.04500645509873058, 0.15856585219378427, -0.044531207431534936, 0.08255950878900142, 0.07002190110480266, -0.043765688965873295], [0.18861972508251945, -0.034765778813034665, -0.034901020585420994, -0.5189279400384184, -0.5320284125526813, 2.9146892716561132, 0.1579061858439239, -0.42036357309560524, 0.40615282219060944, 0.6803277109821515, 0.4606557577489978, -0.010941151018740047], [-0.34398758260267925, 0.12396613698819703, -0.07047081961504142, 0.521178162873416, 0.04500645509873058, 0.15790618584392302, 2.5119127559409353, 0.3627393621891102, 0.32427069469817793, 0.30041093466990976, 0.0853824794795901, 0.05593464699395145], [0.1811290259334477, -0.24438644686391786, 0.43961178193678396, 0.27078968570917095, 0.15856585219378427, -0.42036357309560524, 0.3627393621891102, 2.4706846364674746, 0.40878808332367345, -0.2125134965289288, 0.5867483255053627, 0.28514457944630944], [-0.06708000466992825, -0.057859985570696715, 0.08183403386694077, -0.13721386278734604, -0.044531207431534936, 0.40615282219060944, 0.32427069469817793, 0.40878808332367345, 2.2009201342362856, 0.6109892166048514, 0.40609700512088037, 0.26515288401846904], [0.07930274299289408, 0.01315619827730341, -0.3437037211279961, -0.505243215630196, 0.0825595087890012, 0.6803277109821515, 0.30041093466990976, -0.2125134965289288, 0.6109892166048514, 2.5549142151229476, 0.6274703434004005, -0.15139257693712083], [0.15733540684181824, -0.20837305116995686, -0.16149499162035752, -0.19453396901580855, 0.07002190110480266, 0.46065575774899736, 0.08538247947959032, 0.5867483255053629, 0.40609700512088037, 0.6274703434004005, 2.5151805248416736, 0.38151114744151227], [0.12449210117185716, -0.10509413337271534, 0.05011909584519669, -0.01659510591238922, -0.043765688965873295, -0.010941151018740047, 0.05593464699395145, 0.28514457944630944, 0.26515288401846904, -0.15139257693712083, 0.38151114744151216, 1.79329420022989]], [[0.044542637124380335, 0.029616934282032048, -0.00911732154713718, -0.048937748967510686, -0.0431991803791405, 0.023589624661513486, -0.010355358952947036, -0.028852570659527288, -0.0005005826673245561, 0.006999308758744327, 0.012628890445875562, 0.008109960565645391], [0.029616934282033824, 0.07564913843468857, 0.0477376748199525, -0.021219843004784522, -0.01838996927392067, 0.02323630083040884, 0.016637409942426018, 0.007040022319690031, -0.004621247506853887, -0.02151567088135753, -0.01318405034441561, -0.03326421609517949], [-0.00911732154713718, 0.0477376748199525, 0.3463309421163091, 0.1914135494727649, 0.07581568585788823, -0.03521174608992439, -0.15742961188136384, -0.0757295423060107, -0.09285642890476242, -0.10156761301814399, -0.11490300747771842, -0.015352848134279728], [-0.048937748967510686, -0.02121984300478097, 0.1914135494727649, 0.489747751373225, 0.2654203236208197, -0.02735032405395188, -0.10451950439452773, -0.016079688505250544, -0.06647915234730295, -0.10748928734139351, -0.05801865072468493, 0.00917011795660505], [-0.0431991803791405, -0.018389969273922446, 0.07581568585788645, 0.2654203236208197, 0.6499645800659325, 0.19046808348636013, 0.02185368769946283, 0.07682080292474591, 0.018296670787950498, 0.023629583243417684, 0.11094530203317943, 0.107812015192148], [0.023589624661513486, 0.02323630083040884, -0.03521174608992439, -0.027350324053952324, 0.19046808348636013, 0.835771377337876, 0.49569356268239284, 0.09078804319334521, 0.12945860880970725, 0.2664652597404322, 0.22463255598820958, -0.03356505582057656], [-0.010355358952947924, 0.016637409942426018, -0.15742961188136384, -0.10451950439452773, 0.02185368769946283, 0.49569356268239284, 1.1944958714784284, 0.49924803772149895, 0.3600628550899706, 0.44349748349825235, 0.295419782747138, -0.02028391805971852], [-0.028852570659527288, 0.007040022319690031, -0.0757295423060107, -0.016079688505250544, 0.07682080292474591, 0.09078804319334521, 0.4992480377214994, 0.9370641378964951, 0.4771254449401957, 0.19154036646950034, 0.2058450844269446, 0.19881087224860927], [-0.0005005826673245561, -0.004621247506853665, -0.09285642890476264, -0.06647915234730295, 0.018296670787950275, 0.12945860880970725, 0.3600628550899706, 0.4771254449401957, 1.0459968990025723, 0.5497247418313994, 0.3851507484820462, 0.2698949314608846], [0.006999308758745215, -0.02151567088135753, -0.10156761301814399, -0.10748928734139351, 0.023629583243417684, 0.2664652597404322, 0.44349748349825235, 0.19154036646950034, 0.5497247418313994, 1.3945456356186263, 0.7404989162230636, 0.22512623886075056], [0.012628890445875562, -0.01318405034441561, -0.11490300747771842, -0.058018650724685816, 0.11094530203317943, 0.2246325559882097, 0.295419782747138, 0.2058450844269446, 0.3851507484820462, 0.7404989162230636, 1.3662583563574455, 0.5890392176840471], [0.008109960565644947, -0.03326421609517949, -0.015352848134279728, 0.00917011795660505, 0.107812015192148, -0.03356505582057656, -0.02028391805971852, 0.19881087224860927, 0.2698949314608847, 0.22512623886075056, 0.5890392176840471, 1.2782819470022444]], [[0.17041136465365503, 0.10092796468893539, -0.1388067716783592, -0.17941511847628977, -0.12920540309929152, -0.016878314220456048, 0.028331642580180727, -0.018480443683907666, -0.022735624543577693, -0.023914663384110302, 0.005090360592088672, -0.010318930243427005], [0.10092796468893539, 0.21726232309161253, -0.06709709875782366, -0.31735954776449393, -0.21215169019696578, 0.09067693925318743, 0.1723510282788343, 0.017698303034560325, -0.03961635746136327, -0.04018199464787342, 0.009391557361293046, -0.014756408807086174], [-0.1388067716783592, -0.06709709875782366, 0.4769832168218825, 0.4636782063355369, 0.264595491077416, -0.052748078519627484, -0.13092566919666204, 0.06537447294939369, 0.1846063881645783, 0.1469624928364599, 0.007044159372008085, -0.03204391524103656], [-0.17941511847628977, -0.31735954776449393, 0.4636782063355369, 1.1244655818570841, 0.7204196073301397, -0.14317583469570572, -0.3886407702439003, -0.01616432391238032, 0.26903155517361865, 0.25075582240097694, 0.06864633626107564, 0.024344843690248474], [-0.12920540309929152, -0.21215169019696578, 0.264595491077416, 0.7204196073301388, 1.0126062745801954, 0.3181488077481207, -0.12325123956812156, -0.05893748068999205, 0.05067789686855795, 0.1371855796469934, 0.12467401178781978, 0.13916681666691022], [-0.016878314220456048, 0.09067693925318743, -0.05274807851962926, -0.1431758346957066, 0.3181488077481207, 1.0522347543509984, 0.5697372572686117, 0.018831351636370286, -0.13999957026591936, -0.12620126772428097, 0.10837296630003745, 0.2224829552612846], [0.02833164258018428, 0.1723510282788343, -0.13092566919666204, -0.3886407702439003, -0.12325123956812156, 0.5697372572686117, 0.9827164566107195, 0.3477611829286982, -0.010403544587577862, -0.09582961648249055, 0.008247027484731273, 0.07867019346431281], [-0.018480443683907666, 0.017698303034560325, 0.06537447294939369, -0.01616432391238032, -0.05893748068999116, 0.018831351636370286, 0.3477611829286982, 0.7770894111315926, 0.4581698682955011, 0.17772952803787323, -0.005662902416061932, -0.09057638991748318], [-0.02273562454357858, -0.03961635746136327, 0.1846063881645783, 0.26903155517361865, 0.05067789686855795, -0.13999957026591936, -0.010403544587577862, 0.45816986829550155, 1.053463063971768, 0.5957625467418013, 0.09316057603313677, -0.06046694461861013], [-0.023914663384109414, -0.04018199464787342, 0.1469624928364599, 0.25075582240097694, 0.1371855796469934, -0.12620126772428053, -0.09582961648249055, 0.17772952803787323, 0.5957625467418011, 1.0751707239413366, 0.4787050024561139, 0.1314791160591785], [0.005090360592088672, 0.00939155736129349, 0.007044159372008085, 0.06864633626107541, 0.12467401178782, 0.10837296630003745, 0.008247027484731273, -0.005662902416061932, 0.09316057603313677, 0.4787050024561139, 1.043751240568068, 0.5488364064224838], [-0.010318930243427893, -0.014756408807086174, -0.03204391524103656, 0.024344843690248696, 0.13916681666691022, 0.2224829552612846, 0.07867019346431281, -0.09057638991748274, -0.060466944618610574, 0.1314791160591786, 0.548836406422484, 1.0066732054536394]], [[0.272187021007826, 0.04258358039628796, -0.047035541241086776, 0.061004360851407924, 0.04502814012481693, -0.06175418602829197, 0.028560697546922142, 0.07254311322632301, 0.0036085399800720452, -0.031039272990748934, 0.013699826420047856, 0.07119042465218417], [0.04258358039628796, 0.05242340405733492, 0.024712969515546135, -0.012290652230879218, -0.0020406880004824046, 0.03682724424502659, 0.05673997120566554, 0.033349690839818535, 0.017011304305724728, 0.00900094745402491, 0.007745071797677916, 0.0029490888124570347], [-0.047035541241086776, 0.024712969515546135, 0.14581238043804368, 0.07611298256409071, 0.05390243869615041, 0.06049943253879775, 0.020652169508647233, 0.01344730612873235, 0.05262408720966061, 0.062365237396011075, 0.03078808845011638, 0.0009541582967553808], [0.0610043608514097, -0.012290652230879218, 0.07611298256409071, 0.30511054104202684, 0.19280458020516988, -0.03109922441849733, -0.016852916846541888, 0.052221207035937134, 0.05368727357865577, 0.032450376592315866, 0.05744782643448865, 0.06379904152225446], [0.04502814012481693, -0.0020406880004824046, 0.05390243869615041, 0.19280458020516988, 0.3406863120219962, 0.09226421837234611, 0.04288668610428026, 0.0814794849765983, 0.051462715733023856, 0.053010339722797895, 0.0850642990543431, 0.0889933787938908], [-0.06175418602829197, 0.03682724424502659, 0.06049943253879775, -0.03109922441849733, 0.092264218372347, 0.44480344647438363, 0.2321293758599161, 0.07415599968314712, 0.08992297424728246, 0.09567930320425155, 0.09843028064451564, 0.056210960725211034], [0.028560697546922142, 0.05673997120566554, 0.020652169508647233, -0.016852916846541888, 0.04288668610428026, 0.2321293758599161, 0.42988585061893014, 0.2181567031682521, 0.09156985401783269, 0.06900951255992682, 0.06348169751351129, 0.08406277685708918], [0.07254311322632301, 0.033349690839818535, 0.013447306128731462, 0.052221207035936246, 0.0814794849765983, 0.07415599968314712, 0.2181567031682521, 0.3957987276008966, 0.1737024574688415, 0.06332274640520907, 0.06609412353053035, 0.09866242681274118], [0.0036085399800720452, 0.017011304305724728, 0.05262408720966061, 0.05368727357865577, 0.05146271573302563, 0.08992297424728157, 0.09156985401783269, 0.1737024574688415, 0.45118899422077885, 0.24563531474570022, 0.1299426940674493, 0.09739944346910834], [-0.031039272990748934, 0.00900094745402491, 0.062365237396011075, 0.032450376592315866, 0.05301033972279923, 0.09567930320425111, 0.06900951255992638, 0.06332274640520907, 0.24563531474570022, 0.5080564772009272, 0.2478209539856504, 0.11894918927260822], [0.01369982642004608, 0.007745071797677916, 0.03078808845011638, 0.05744782643448865, 0.0850642990543431, 0.09843028064451564, 0.06348169751351129, 0.06609412353053035, 0.1299426940674493, 0.2478209539856504, 0.4853846059164205, 0.24390467265527915], [0.07119042465218417, 0.0029490888124570347, 0.0009541582967553808, 0.06379904152225446, 0.0889933787938908, 0.056210960725211034, 0.08406277685708918, 0.09866242681274118, 0.09739944346910834, 0.11894918927260867, 0.2439046726552785, 0.5173679221359503]], [[0.07019143038959419, 0.0433062422416981, 0.006176911509507832, -0.03322563181350091, 0.003311248271932854, 0.011972568329920996, -0.018687356698146473, -0.026376910007995136, -0.03393300808785682, -0.007970527618877954, 0.05702198846692341, 0.012108392124861922], [0.0433062422416981, 0.11447959988589729, 0.07542263486901923, -0.07011644679262474, -0.04289604804886871, 0.11708053733455426, 0.04291263708922877, -0.062178039929246864, -0.02202739789884589, 0.073256596383249, 0.05640083256263395, -0.052689042430174915], [0.006176911509507832, 0.07542263486901923, 0.28636022815643314, 0.06953244010622406, 0.022005740042317257, 0.125660191956821, 0.05812914485556231, -0.0107279280688104, 0.0589287672545904, 0.14444805059355614, 0.01723675221739196, -0.02812563404830648], [-0.03322563181350091, -0.07011644679262474, 0.06953244010622583, 0.4921327476327134, 0.32904926260589384, -0.17356552886008014, -0.009143997057893927, 0.22505861708387265, 0.13018801647937117, -0.10958383199017185, -0.05771502136321205, 0.18479892688490196], [0.0033112482719310776, -0.04289604804886871, 0.02200574004231548, 0.32904926260589384, 0.6896455105637435, -0.08515954999263275, -0.009347456864576387, 0.3102838861689179, 0.13179746658239466, -0.14748632501686365, -0.009000718323510792, 0.30567842642275345], [0.011972568329920996, 0.11708053733455426, 0.125660191956821, -0.17356552886008014, -0.08515954999263275, 0.8460772212071509, 0.27515353112473484, -0.1521021231804056, 0.05780055574770282, 0.3572171312961556, 0.16502106769406022, -0.09676442377012417], [-0.018687356698146473, 0.04291263708922877, 0.05812914485556231, -0.009143997057893927, -0.009347456864576387, 0.27515353112473484, 0.7098857201519678, 0.16724226001224807, 0.03488031962807092, 0.17342994192146155, 0.04062202918136748, 0.03257829584255223], [-0.026376910007995136, -0.062178039929246864, -0.0107279280688104, 0.22505861708387265, 0.3102838861689179, -0.1521021231804056, 0.16724226001224807, 0.8644721674828629, 0.27956863671140564, -0.24158930868616157, -0.02106700813370832, 0.315086229203132], [-0.03393300808785682, -0.02202739789884589, 0.0589287672545904, 0.13018801647937117, 0.13179746658239377, 0.05780055574770282, 0.03488031962807092, 0.27956863671140564, 0.7645189490737182, 0.22280321546138493, 0.0706462658397945, 0.15058936775612253], [-0.007970527618877954, 0.07325659638324855, 0.14444805059355637, -0.10958383199017141, -0.14748632501686365, 0.3572171312961556, 0.17342994192146155, -0.24158930868616157, 0.22280321546138493, 1.1608166155437736, 0.30867154587863127, -0.12544196197076096], [0.057021988466923634, 0.05640083256263395, 0.017236752217391738, -0.057715021363212715, -0.009000718323510792, 0.16502106769406022, 0.0406220291813677, -0.02106700813370832, 0.07064626583979472, 0.30867154587863105, 0.8206225573151235, 0.2068373374246415], [0.012108392124861922, -0.052689042430174915, -0.02812563404830737, 0.18479892688490196, 0.30567842642275345, -0.09676442377012417, 0.03257829584255134, 0.315086229203132, 0.15058936775612253, -0.12544196197076096, 0.20683733742464128, 0.9542817901428103]], [[0.2856417319464809, 0.039287861772216104, -0.37191023284267466, -0.03135024672417863, -0.1944353865448205, -0.3425934106569324, 0.21386034775163587, 0.22931475734390716, -0.13138969000714873, -0.13803317148407146, -0.18233359452643927, -0.08953115072453754], [0.039287861772216104, 0.379168929867126, 0.31102300564570484, -0.21907736940456424, -0.29501643642047615, -0.22512415888428006, 0.009345343469439271, 0.08409904914033994, -0.007305544507014261, -0.08801862064313637, -0.08177522950822147, -0.18542893238414515], [-0.37191023284267466, 0.31102300564570484, 2.0352774238541893, 0.6288780349148553, 0.4534236662816924, 0.21060749595595007, -1.084709985315432, -0.7438162358816136, 0.025081771989079016, -0.13016599275087426, 0.04410287979341643, 0.1620812555209925], [-0.03135024672418041, -0.21907736940456424, 0.6288780349148553, 1.5802296027755767, 1.0382069798241869, 0.038129190872701724, -0.55698578241803, -0.5723873477940371, -0.3269043259719262, -0.11960662171864589, -0.10836084682650604, 0.20102177427970502], [-0.1944353865448205, -0.29501643642047615, 0.45342366628169195, 1.0382069798241869, 2.289003924164719, 1.2326466867008592, -0.760173831953419, -0.8843130952974354, -0.25834512481400984, 0.1191062747419886, 0.41146288572774564, 0.5841498458043204], [-0.3425934106569324, -0.22512415888428006, 0.21060749595595007, 0.038129190872701724, 1.2326466867008596, 2.9693275368337075, 0.4154604632936083, -0.8403249943939115, 0.07501631336662684, 0.43060746415415624, 0.7931680735092748, 0.36095329538785526], [0.21386034775163587, 0.009345343469437495, -1.084709985315432, -0.55698578241803, -0.7601738319534186, 0.4154604632936083, 2.6304917417375404, 1.455219868983594, 0.18792649923880722, 0.06048659835845005, -0.2818123209245771, -0.3485362432607314], [0.22931475734390716, 0.08409904914033817, -0.7438162358816136, -0.5723873477940371, -0.8843130952974356, -0.8403249943939115, 1.455219868983594, 2.298282666954375, 0.738157781440798, -0.28284957846209724, -0.6178298190885889, -0.30592189731471353], [-0.13138969000714873, -0.007305544507014261, 0.025081771989079016, -0.32690432597192665, -0.25834512481400984, 0.07501631336662684, 0.18792649923880722, 0.738157781440798, 1.9185509969049845, 0.8933765495581624, 0.39032304950852653, 0.20772213152506336], [-0.13803317148407146, -0.08801862064313659, -0.13016599275087426, -0.11960662171864589, 0.1191062747419887, 0.43060746415415646, 0.06048659835844983, -0.28284957846209724, 0.8933765495581624, 2.2689077207507915, 1.5695815731331904, 0.4069501385931699], [-0.18233359452643927, -0.08177522950822147, 0.04410287979341643, -0.10836084682650582, 0.41146288572774564, 0.7931680735092748, -0.28181232092457753, -0.6178298190885889, 0.39032304950852664, 1.5695815731331904, 2.6637489433613886, 0.98721267076132], [-0.08953115072453754, -0.18542893238414493, 0.1620812555209925, 0.20102177427970502, 0.5841498458043204, 0.36095329538785526, -0.3485362432607314, -0.3059218973147133, 0.20772213152506336, 0.4069501385931699, 0.98721267076132, 1.7655336442566991]], [[0.03928259700982102, -0.041090716502525944, -0.037895618677710956, -0.027244635688842125, -0.01776133805778265, -0.007364335486598919, -0.010629291737381353, -0.006555280056010798, -0.00893776598714454, -0.009211747444446245, -0.006989124478444155, -0.015574650472450732], [-0.041090716502525944, 0.11663105549608555, 0.03481016953659788, -0.016996229437795884, -0.04052675942351125, -0.060223563164688354, -0.03232967743710341, -0.024373991095773206, -0.017728972012533706, -0.013723677736758338, -0.011453617064627691, -0.017666306067197574], [-0.03789561867771094, 0.03481016953659788, 0.3761441904871584, 0.08489245167021386, -0.053666739862462176, -0.01339003309621456, -0.019088242547356984, 0.0008389943401685557, -0.02451531774317378, 0.009418315688446019, -0.00334759685753086, 0.008215063345286037], [-0.027244635688842115, -0.016996229437795884, 0.08489245167021386, 0.5629681687004351, 0.14520909275778648, 0.006088394982660117, 0.021361550854038833, -0.04174099926859261, -0.023791655824716165, -0.015845368133292008, -0.03349531256776975, -0.01960086671698287], [-0