[{"scale_means": [98.49158701926989, 5.908017436108956, 0.7824399574898896, 1.6659489942550691, 0.05921741262933201, 0.5403535580108872, -0.09009139226307493, 0.12428541497380081, -0.09538069422463062, -0.020706963601315645, -0.08003098920410659, -0.18018607231581857], "scale_stddevs": [12.245872649099304, 3.612783292421954, 3.422705335949847, 3.4587528730150416, 3.639147565552287, 3.0168519393361617, 3.0056794818302186, 2.9774777188173402, 3.113027712664913, 3.0777849724810347, 2.948911107916109, 2.984182832757678], "means": [[-2.4154965419547674, -0.3464974725663843, 1.5099711773182245, 0.9389274983845485, -0.7189688223091241, 1.8208778166677226, -1.0810689886949707, -0.19272380117256357, 2.070794748673576, -1.0944743897419182, 0.5256250384638903, 0.2801827944676094], [-2.832678407365679, -0.07796038041316457, 1.652574658992766, 0.6292979093414114, 1.2011358819183644, 1.2307161396471362, -0.45995064119124973, 1.0305560070149522, 0.47048241522309614, 0.28090040903159563, 0.9713534246273778, 0.13811187946279593], [-1.6154539435146638, 0.20034959076686257, 0.4800798918459931, 0.9008507580077635, 0.019504112848536447, 0.10652769208072616, 0.7260831382669507, -0.5344152869087081, 0.24458858688235632, 0.41843499414875224, 0.0694305569462896, -0.2509782712880509], [0.6144761067639869, -0.9696392060260681, -1.1062789895482568, -0.824257288948553, -0.5320917176345227, -0.33692243421094364, -0.03043381044807794, -0.194115141606497, -0.06272771216043889, 0.11834984355756102, -0.020303112049773402, 0.07270372548528437], [-2.9697421968402997, 0.005833881652170732, 1.5649774815219584, 0.46491852809236234, 1.0032587522506302, 1.1922537635829382, -0.5921709903989334, 0.5897262228624659, 0.37724254260456896, -0.050587473402841344, 0.5020664836301126, -0.08865018466686925], [-2.5404353233045924, 0.7026869690336268, 0.8230520717478537, 0.00987107087064156, 1.2505957153865166, 0.5743616662293788, -0.7444583255470428, 0.3985207633183286, 0.668242140797837, 0.2347620460335114, 0.06294127337068467, 0.3903017980085225], [-0.39666286963563036, -0.631290388827936, -0.35142140783378095, -0.21836050655574077, 1.1939694952339777, 0.4642543760309145, 0.27110659463353215, -0.3725975264889626, 0.1369006272205255, -0.39877807559865075, -0.3792426901045574, -1.0748838618850756], [-2.604840061731147, -0.2244886131762194, 0.883870825033062, 0.4640193965950215, 0.8917625108322266, 0.5207197209468547, 0.2544874364097257, 0.7031506839785441, 0.520157311609964, 0.4806182013274368, 0.5397856349004416, 0.2943896198848726], [-2.8527744601747407, 0.34470244467851224, 1.5407039059042973, 0.059349682192202914, 0.2971661071100342, 0.3129283907505569, -0.9902789115644841, 0.72940577233216, 0.624283292587585, 0.7314236392102392, 1.1029119336208233, 0.632483806574514], [-1.5499429825437459, -0.047636951246253896, 0.4410793552526168, 1.0246819537777665, 0.6979537428421442, 0.7431757174684985, 0.3959792597352457, 0.6650595880561846, 0.7507034658225124, 0.5419970398382637, 0.4650261538053384, 0.5117783729421217], [-0.7036236221010315, -1.1349271836549546, 0.19774671031758012, 0.07618149124538666, 0.472558350015834, 0.29213328666495264, 0.4818501026457663, 0.1853028870999555, 0.259151281926623, 0.14709735866026316, 0.1700926335463007, 0.12939327388218574], [-3.1773017483118244, 0.44042412697004324, 0.997713925917958, 0.7302949060474508, 1.0960330846943849, 0.5000376532327783, 0.42862608360056315, 0.5695763533182546, 0.70358328414414, 0.45427428897782507, 0.4129857123768699, 0.39850968862176916], [-2.674967209984471, 0.38335282128504033, 1.041014335056645, 0.6128382430233826, 1.331520526159016, 0.5697270146426815, -0.5967026847291169, 1.0241900376444457, 0.5350107294766312, 0.5427725959000091, 1.0703453931488562, 0.3694319493344458], [-2.893030169764173, 0.7577684047993539, 0.4711027970941509, 1.0254156280578088, 1.7078327796421324, 0.3265800015712547, 0.35714546630125, 0.7969150469563149, 0.7249464375840835, 0.4452955298151597, 0.6036870663164609, 0.4736835909026634], [-0.877090615412572, -1.4429320836424815, 0.05961278523509631, 0.22170319773820882, 1.010198969571742, 0.36089649200115864, 0.33743781489031627, 0.26308435859939994, 0.381362540616623, 0.18078055187918707, -0.10643445293995474, 0.3010664089347906], [-0.8996535330312978, 0.8565918782682939, 0.6990053820205565, 1.4297436026631993, 1.04951092412969, 0.4732408783335653, 0.6334003623080987, 0.6669859021624033, 0.1842838860018864, 0.14126867368143167, 0.4235460799002871, 0.06941806953069167]], "n_train": 57567, "weights": [0.010347380166719504, 0.07712546492827285, 0.03544361555645784, 0.04778582909188376, 0.09156962375267985, 0.03583890813934674, 0.06815507008453547, 0.04842085290366407, 0.08973105392566283, 0.016056739991951133, 0.03161229595930189, 0.1657510718463068, 0.050119894504712235, 0.051452093888819765, 0.0197982635710993, 0.1607918416885894], "n_components": 16, "n_classes": 10, "n_features": 12, "covars": [[[0.3118036049159084, -0.07980274076103, -0.02351306247022933, -0.142845298958862, -0.2718855622460561, 0.017911740592367664, -0.3376964738228856, 0.11762288362596879, -0.11136140765309399, -0.21942739772769082, -0.07331658394766172, -0.2508900538679715], [-0.07980274076103, 0.3521375451519371, -0.049589147124525, -0.10704447526052885, 0.13489360649723844, -0.4469266516745324, 0.22649575555148865, -0.1755793480237276, -0.010060185435930458, 0.13427295277500945, -0.39264148844846924, 0.14962691706916276], [-0.02351306247022933, -0.049589147124525, 0.24339847586477525, 0.0983670698757968, -0.04333843891847855, 0.2444220866261788, -0.09979603194948727, 0.0818475239599859, 0.05931944286686619, -0.08634917174202617, 0.22502211316489884, -0.06955127029214864], [-0.142845298958862, -0.10704447526052885, 0.0983670698757968, 0.4879383771910324, 0.1848671377201555, 0.4186435131363837, 0.32958167848341924, 0.046484346263485715, 0.17983202999123837, 0.17447104755856357, 0.38097691417612933, 0.20898196204767766], [-0.2718855622460561, 0.13489360649723844, -0.04333843891847855, 0.1848671377201555, 1.1292710150441878, -0.012570260377563924, 0.5678376007823562, 0.2934575020023389, -0.4768843168077832, 0.7166732572348412, 0.31501743556650497, 0.18093067765457163], [0.017911740592367664, -0.4469266516745324, 0.2444220866261788, 0.41864351313638415, -0.012570260377563924, 1.4581255979370558, -0.09898892257139003, 0.46447930895316375, 0.17848867845500482, -0.2319854129631962, 0.994948773513794, -0.23116933521871397], [-0.3376964738228856, 0.22649575555148865, -0.09979603194948727, 0.32958167848341924, 0.5678376007823562, -0.09898892257139003, 1.3715913473914516, -0.03833970897932476, 0.043831085911719914, 0.68524936357676, 0.0034005228160425283, 0.6312573616075723], [0.11762288362596879, -0.1755793480237276, 0.0818475239599859, 0.04648434626348574, 0.2934575020023389, 0.46447930895316375, -0.03833970897932473, 1.0238436440516419, -0.31167833478743956, 0.13177778710177965, 0.6610122857183485, -0.4105826672469596], [-0.11136140765309399, -0.010060185435930458, 0.05931944286686619, 0.17983202999123837, -0.4768843168077832, 0.17848867845500482, 0.043831085911719914, -0.31167833478743967, 1.303132285915678, -0.13992619250742644, -0.09509232592508499, 0.4593099144225046], [-0.21942739772769082, 0.13427295277500945, -0.08634917174202617, 0.17447104755856357, 0.7166732572348408, -0.2319854129631962, 0.68524936357676, 0.13177778710177965, -0.13992619250742644, 1.3083005126554275, 0.2751200317866958, 0.47025821803644696], [-0.07331658394766172, -0.39264148844846924, 0.22502211316489884, 0.3809769141761292, 0.31501743556650497, 0.9949487735137937, 0.0034005228160426393, 0.6610122857183485, -0.09509232592508499, 0.27512003178669586, 1.732340779063314, -0.06626064347374692], [-0.2508900538679715, 0.14962691706916276, -0.06955127029214858, 0.20898196204767766, 0.1809306776545716, -0.23116933521871397, 0.6312573616075723, -0.4105826672469596, 0.4593099144225046, 0.47025821803644696, -0.0662606434737469, 1.3929544176998765]], [[0.012488998422445108, 0.009949849410826023, -0.004573581230596702, 0.005024108701956909, 0.00430371101731275, -0.0031617725832928656, -0.004504007487897699, 0.021909809533736446, -0.00829944037097663, 0.005581123956942435, -0.002062117852636991, -0.0029253408956858573], [0.009949849410826023, 0.06579671353746035, 0.022604498822246702, 0.019595674653264707, 0.028311483733657314, -0.0010188697895031212, 0.015344695319941107, 0.0008329701299954473, 0.019123606971039552, -0.0066034309344933685, 0.004683696276996732, -0.014495130984428143], [-0.004573581230596702, 0.022604498822246702, 0.1714541012063734, 0.029468331315966267, -0.021141009595914362, 0.06582520680649617, -0.03447853164311965, 0.012995661430035055, 0.0035940921964326966, 0.030803351004889068, 0.005173809410560004, -0.009225919296411117], [0.005024108701956909, 0.019595674653264707, 0.029468331315966267, 0.16376992104564275, 0.07878731641472203, -0.0016424820480230862, 0.052091263782350156, 0.024190283060742224, 0.01882204049740749, 0.0010427383588139383, 0.011117962098823986, 0.009663884726030386], [0.00430371101731275, 0.0283114837336573, -0.021141009595913918, 0.07878731641472203, 0.20567867097538184, 0.0593294777619795, 0.03682476316821803, 0.01635272719832681, 0.03382701023857215, -0.00904298168476425, 0.01516412181296789, 0.014861005066519772], [-0.0031617725832928656, -0.0010188697895031212, 0.06582520680649617, -0.0016424820480230862, 0.05932947776197928, 0.3422524069744549, 0.05413179766415277, 0.04643240346382771, 0.03842255206151135, 0.039255621687153686, 0.003792389313539646, 0.005999037832303961], [-0.004504007487897921, 0.015344695319941114, -0.03447853164311965, 0.0520912637823501, 0.03682476316821803, 0.05413179766415277, 0.4746214013005853, 0.10262042821729495, 0.049342680945412, -0.005607505460783702, 0.020527963985652542, -0.005249113499007044], [0.021909809533736446, 0.0008329701299954473, 0.012995661430035055, 0.024190283060742224, 0.01635272719832681, 0.04643240346382771, 0.10262042821729495, 0.5011525160616835, 0.09163901317146911, 0.054674116808531736, 0.0031041632197832403, -0.047875984934313526], [-0.008299440370976852, 0.019123606971039552, 0.0035940921964326966, 0.018822040497407544, 0.03382701023857204, 0.03842255206151135, 0.049342680945412, 0.09163901317146911, 0.44021368415310597, 0.11231094725460233, -0.022607142748049203, 0.013698402897243223], [0.005581123956942435, -0.006603430934493365, 0.030803351004889068, 0.0010427383588139938, -0.009042981684764306, 0.039255621687153686, -0.005607505460783674, 0.054674116808531736, 0.11231094725460233, 0.3852889999379719, 0.12946130445967102, -0.006158179320760189], [-0.002062117852636991, 0.004683696276996746, 0.005173809410560004, 0.011117962098823986, 0.01516412181296789, 0.003792389313539646, 0.020527963985652542, 0.0031041632197832403, -0.022607142748049203, 0.12946130445967102, 0.4454463247042546, 0.15103311671960568], [-0.0029253408956859683, -0.014495130984428143, -0.00922591929641109, 0.009663884726030386, 0.014861005066519745, 0.005999037832303961, -0.00524911349900703, -0.04787598493431354, 0.013698402897243236, -0.006158179320760196, 0.15103311671960568, 0.4485309832258507]], [[0.005867458072584707, 0.0012894238004698133, -0.000953931311697187, -0.004850064487159411, 0.003506003251715427, 0.002819843822082835, -0.00744274108045917, -0.01266250709125083, -0.0011499589729851989, 0.003298030768712712, -0.003494511516523552, -0.008527703890761462], [0.0012894238004698133, 0.041933175505845154, 0.015798378060914817, 0.005046278270884996, -0.01761782284009014, -0.020146588729168923, -0.014615400774815351, -0.006963818622431159, -0.02380960170717289, -0.023597131890302207, -0.015171837599251675, -0.011424959598786123], [-0.000953931311697187, 0.015798378060914817, 0.08721586820678479, 0.02668867893160609, -0.016628323038110054, -0.027911362522011957, -0.007950443034303423, -0.006387796940764023, -0.016414102863313768, -0.04055348479251639, -0.027003546053914227, -0.005665355642959738], [-0.004850064487159411, 0.005046278270884996, 0.02668867893160609, 0.1297056738406236, 0.01714432377473127, -0.018924760145692776, -0.007558996222693737, -0.008521437545897848, -0.03195884092260087, -0.0375800421159479, -0.020912248755376374, -0.016755873703145296], [0.003506003251715427, -0.017617822840090145, -0.016628323038110057, 0.017144323774731258, 0.17675638978604546, 0.07368417994712505, -0.024903106978523118, -0.05668537081485693, -0.023555933933572443, 0.024590659064310794, -0.023233229920474302, -0.06562815263086567], [0.002819843822082807, -0.020146588729168923, -0.02791136252201196, -0.018924760145692776, 0.07368417994712505, 0.28351540230760214, 0.0510973747603293, -0.057641723271714705, -0.011423803279330824, 0.005348135760626774, -0.033313849552833015, -0.05334269048139535], [-0.00744274108045917, -0.014615400774815324, -0.007950443034303478, -0.007558996222693737, -0.02490310697852311, 0.0510973747603293, 0.31493004828899274, 0.12108390137122305, -0.01574446105803512, -0.04362622708078079, -0.04211195375759184, 0.004900917567587371], [-0.012662507091250719, -0.006963818622431159, -0.006387796940764023, -0.008521437545897848, -0.05668537081485693, -0.057641723271714705, 0.12108390137122305, 0.3969649411817229, 0.06994070747609749, -0.052360269316918756, -0.004057222335892771, 0.001275554360294029], [-0.0011499589729852544, -0.023809601707172886, -0.016414102863313768, -0.03195884092260087, -0.023555933933572443, -0.011423803279330824, -0.01574446105803512, 0.06994070747609749, 0.3603295032579309, 0.08694464678159294, -0.014482428006034165, -0.03089315016455387], [0.003298030768712712, -0.0235971318903022, -0.04055348479251636, -0.0375800421159479, 0.024590659064310794, 0.005348135760626781, -0.04362622708078079, -0.052360269316918756, 0.08694464678159294, 0.3936161852492315, 0.08641749275196955, -0.053576022182696165], [-0.0034945115165235796, -0.015171837599251677, -0.027003546053914227, -0.0209122487553764, -0.023233229920474302, -0.03331384955283302, -0.04211195375759184, -0.004057222335892778, -0.014482428006034161, 0.08641749275196953, 0.4302683984952143, 0.09928473493247435], [-0.008527703890761518, -0.01142495959878611, -0.005665355642959738, -0.016755873703145352, -0.06562815263086566, -0.05334269048139535, 0.004900917567587371, 0.001275554360294029, -0.03089315016455387, -0.05357602218269619, 0.09928473493247435, 0.44714850269235906]], [[0.1106151731911692, -0.0949843261494272, -0.05209037055433263, -0.046652151734305924, 0.007070235995626339, 0.011304323399153327, -0.026564114749424418, 0.036608440313208174, 0.02104102398980741, -0.0346920666120098, -0.03999646294840264, -0.017723675059365212], [-0.0949843261494272, 0.27920869613086097, 0.01294647526490933, -0.02268509902715843, -0.07318813774145927, -0.05161842776661213, 0.0303382121593835, -0.048211001584753804, -0.018690696127753537, 0.015042534991645401, 0.035349023141473375, 0.004333091437544734], [-0.05209037055433263, 0.012946475264909107, 0.2954371289570267, 0.0750556695402127, 0.0047328948566190965, -0.0409788398078163, -0.037509045758404615, -0.006640893519436891, 0.0016284693991593102, 0.018364031107343123, 0.007484432360484523, 0.019046198324016245], [-0.046652151734305924, -0.02268509902715843, 0.0750556695402127, 0.35479269077065523, 0.08145503188727304, 0.02484029859100001, -0.04916633631940334, -0.047874154195996985, 0.008293123598248693, 0.036693148857445894, 0.054291058892471634, 0.024776887869305063], [0.007070235995626339, -0.07318813774145927, 0.0047328948566190965, 0.08145503188727293, 0.3572936865199246, 0.13981902938554927, 0.013560216389196442, 0.010875326861937956, -0.015888976565492745, -0.015599009099726918, -0.004153194663671095, 0.038874594406790565], [0.011304323399153327, -0.05161842776661213, -0.0409788398078163, 0.02484029859100001, 0.13981902938554927, 0.5975679263396632, 0.12918676703352408, -0.0012810305815007111, -0.023060460056893103, 0.011833213026255708, 0.04380721717191472, 0.011181416796416828], [-0.02656411474942441, 0.0303382121593835, -0.03750904575840461, -0.04916633631940336, 0.013560216389196453, 0.12918676703352408, 0.6567689666788235, 0.14406532910262695, -0.04963541932662174, -0.0009701876763970304, -0.023259583790970338, -0.007164089578218753], [0.036608440313208146, -0.048211001584753804, -0.006640893519436891, -0.047874154195996985, 0.010875326861937956, -0.0012810305815007111, 0.14406532910262695, 0.7598804793848238, 0.2401822540054734, -0.04872779896677152, -0.06749629172624529, -0.06442118937449803], [0.021041023989807416, -0.018690696127753523, 0.0016284693991593102, 0.008293123598248672, -0.01588897656549274, -0.02306046005689311, -0.04963541932662175, 0.2401822540054734, 0.6872126052176921, 0.0670608354917665, -0.02946395003589141, -0.03474738081328273], [-0.03469206661200981, 0.01504253499164536, 0.01836403110734311, 0.036693148857445894, -0.015599009099726918, 0.011833213026255708, -0.0009701876763970321, -0.04872779896677152, 0.0670608354917665, 0.7754123994498526, 0.20077667757042353, -0.05442533765203075], [-0.03999646294840264, 0.03534902314147337, 0.00748443236048452, 0.05429105889247165, -0.00415319466367109, 0.04380721717191472, -0.023259583790970345, -0.06749629172624527, -0.029463950035891414, 0.20077667757042353, 0.7223158316790231, 0.1017588315917044], [-0.017723675059365215, 0.004333091437544734, 0.019046198324016238, 0.024776887869305063, 0.03887459440679056, 0.011181416796416833, -0.00716408957821877, -0.06442118937449803, -0.03474738081328271, -0.05442533765203075, 0.10175883159170443, 0.6600946553275712]], [[0.0077732476498054695, 0.003765081671093245, 0.0016457216500027627, -0.0010544463641539714, 0.007160387477360253, 0.00030649372738489333, 0.0001626991116094878, 0.005508208023181194, 0.013993886601862515, 0.008410777757964616, 0.018954286829479194, 0.004681862347576837], [0.0037650816710932435, 0.041467196866323, 0.00802729593399546, 0.008438303077109324, 0.002081550585870265, 0.002512529813078245, 0.002869641687002865, 0.0037097119596032463, -0.0033577046704477463, 0.0012347078571150565, -0.011655257411073603, 0.011194510481330739], [0.0016457216500027627, 0.008027295933995463, 0.10686344108852419, 0.03409268212917427, 0.002098766730880941, 0.01946890055540651, 0.03516604824188718, 0.010536756867185915, 0.011962475543826234, 0.018942765906611536, 0.059734612057525394, 0.01109719257838343], [-0.0010544463641537494, 0.008438303077109324, 0.03409268212917427, 0.13451265900068177, 0.04885161235250607, 0.022309353311406377, 0.025803353501583054, 0.02002819279741702, -0.0029695169091653317, -0.0038645786707482248, -0.013818615192116662, 0.004022093490065458], [0.007160387477360697, 0.002081550585870267, 0.002098766730880941, 0.04885161235250607, 0.1712016281978771, 0.07688836074965821, 0.010831012361560144, 0.019315542702315835, 0.044359740753047716, 0.008766842280857584, -0.0011617388174167687, -0.016419096057091118], [0.00030649372738489333, 0.0025125298130782483, 0.01946890055540651, 0.022309353311406377, 0.07688836074965844, 0.2782398761929775, 0.11156182932648528, 0.01083879660463627, 0.015196972645382556, 0.00031826504499402053, 7.583688860612892e-05, -0.024091135592794632], [0.00016269911160970985, 0.002869641687002866, 0.03516604824188718, 0.02580335350158311, 0.010831012361560144, 0.11156182932648517, 0.36137910736300827, 0.11919500591890736, 0.007842243413795497, -0.001580332063215461, 0.04315192126810974, -0.014263186798831658], [0.005508208023181194, 0.0037097119596032437, 0.010536756867185915, 0.020028192797416966, 0.019315542702315835, 0.01083879660463627, 0.11919500591890736, 0.36426619414014044, 0.11548814279594288, -0.006504020500683567, -0.0033304153055011554, -0.018798183411090325], [0.013993886601862293, -0.0033577046704477437, 0.011962475543826234, -0.0029695169091653317, 0.044359740753047605, 0.015196972645382556, 0.007842243413795497, 0.11548814279594288, 0.4180900341611387, 0.11883985214123287, 0.03203215956652364, 0.0027809472199545153], [0.008410777757964616, 0.0012347078571150573, 0.018942765906611536, -0.0038645786707482248, 0.008766842280857577, 0.00031826504499402053, -0.001580332063215461, -0.00650402050068356, 0.11883985214123287, 0.39919361779273405, 0.16169732381318871, 0.010771778580092574], [0.018954286829479194, -0.0116552574110736, 0.05973461205752528, -0.013818615192116662, -0.0011617388174167687, 7.583688860612892e-05, 0.04315192126810974, -0.0033304153055011554, 0.03203215956652364, 0.16169732381318874, 0.617265925155008, 0.14252787602514663], [0.004681862347576893, 0.011194510481330737, 0.01109719257838343, 0.004022093490065465, -0.016419096057091118, -0.024091135592794632, -0.01426318679883165, -0.018798183411090325, 0.0027809472199545014, 0.010771778580092574, 0.14252787602514663, 0.4081752814007286]], [[0.10228924904699233, 0.0393252174419636, -0.009750747408406202, -0.06638074723338482, -0.005457852930318197, -0.03519663472188461, -0.09217917074368076, 0.0025689507579857995, -0.0062165832009990485, -0.0012609288206293368, -0.0023275612721024297, 0.04284846241348983], [0.039325217441964044, 0.4160601734042245, 0.18693380549092875, -0.010492496888327124, -0.19705524238215832, -0.09140918789403507, 0.0671653993840749, -0.12113012297187123, -0.17851615306079577, -0.07839073642389324, 0.015094411462703856, -0.105835343972428], [-0.009750747408405758, 0.18693380549092875, 0.5320629508665135, 0.14443255511712402, -0.22991627578658913, -0.08087210859369326, -0.047304894999430025, -0.029251615921132734, -0.19717687560423203, -0.10464910008144276, 0.059149262056949974, -0.14800415871190176], [-0.06638074723338482, -0.010492496888327124, 0.14443255511712402, 0.36846484610273667, 0.12075564059237515, -0.0023869808176812156, 0.05042054335634497, 0.014932742613965284, -0.02671350428628142, -0.04421468584393327, -0.033212031738110395, -0.050731850733399225], [-0.005457852930319085, -0.19705524238215844, -0.22991627578658913, 0.12075564059237517, 0.5049126827553524, 0.16676651187738123, 0.017685188441162625, 0.09287116914689375, 0.1850903552098504, 0.07873981743828101, -0.06338047980333321, 0.12687392227718658], [-0.03519663472188461, -0.09140918789403518, -0.08087210859369315, -0.002386980817681216, 0.16676651187738123, 0.6390459220075456, 0.23447721414174633, 0.13950294710074182, 0.09970666751721213, 0.07448191211084984, 0.07964437145779459, -0.02291436225566082], [-0.0921791707436812, 0.06716539938407495, -0.047304894999430025, 0.05042054335634495, 0.017685188441162625, 0.23447721414174635, 0.7860238458758967, 0.100808836031239, -0.046159857345698885, 0.07118605556484106, 0.024848356462406823, -0.0582249230266334], [0.0025689507579857995, -0.12113012297187123, -0.029251615921132734, 0.01493274261396528, 0.09287116914689375, 0.13950294710074182, 0.10080883603123897, 0.5800300129683348, 0.25429102794091824, 0.03526792162934744, -0.03343193414951699, -0.021602938559048462], [-0.0062165832009990485, -0.17851615306079577, -0.19717687560423203, -0.02671350428628142, 0.18509035520985062, 0.09970666751721208, -0.046159857345698885, 0.25429102794091824, 0.7321395988457919, 0.2642213685227993, -0.06555043281950708, 0.08225364064808799], [-0.0012609288206292257, -0.07839073642389324, -0.10464910008144276, -0.04421468584393328, 0.07873981743828096, 0.07448191211084984, 0.07118605556484105, 0.035267921629347415, 0.2642213685227992, 0.6519646043338263, 0.1727092211895621, 0.037735422570440935], [-0.002327561272102402, 0.015094411462703856, 0.05914926205694999, -0.033212031738110395, -0.06338047980333321, 0.07964437145779459, 0.024848356462406813, -0.03343193414951699, -0.06555043281950709, 0.1727092211895621, 0.6569036408095442, 0.1519394736191661], [0.04284846241348983, -0.105835343972428, -0.14800415871190176, -0.05073185073339924, 0.12687392227718647, -0.02291436225566082, -0.05822492302663346, -0.02160293855904849, 0.08225364064808799, 0.037735422570440935, 0.15193947361916613, 0.6750041952218364]], [[0.0411232791266585, -0.032688562718713954, -0.05142135351202015, -0.048219238777455216, 0.005811982853885844, -0.04048407875707041, 0.08918694782662083, -0.006747797451607723, 0.031226537764337203, -0.03890796414462763, -0.008835218236099424, -0.02185274671574461], [-0.032688562718713954, 0.10566216338541912, 0.05003635780649354, 0.030927636964639543, -0.015501919291822652, 0.05088649783746546, -0.07463570347643947, 0.024940333247849056, -0.041416775261686745, 0.034873096525615765, -0.010729763825122224, 0.001732960591247501], [-0.05142135351202015, 0.05003635780649354, 0.2603458251100784, 0.11473906224918985, -0.012206404906574764, 0.04189946958024737, -0.14199234014021722, -0.004569751078862178, -0.05131129195384927, 0.04764876414430702, 0.021374762014219895, 0.0076361379164459064], [-0.04821923877745522, 0.030927636964639543, 0.11473906224918985, 0.3138420090596613, 0.05612475342294565, 0.0668133840574591, -0.18998453981314137, -0.010813186478359271, -0.05115605337931772, 0.06098029525747323, 0.002665265873301459, 0.06533988081758638], [0.005811982853885844, -0.015501919291822541, -0.012206404906574764, 0.05612475342294565, 0.23590777400373286, 0.054798283884426424, -0.005788204730594326, -0.056413833555347515, 0.009242350683228706, 0.0021915137141678143, 0.014596227465767553, -0.018018588520832157], [-0.04048407875707044, 0.05088649783746546, 0.04189946958024736, 0.0668133840574591, 0.054798283884426424, 0.41729198172152976, -0.06853792093343741, 0.04125084007202004, -0.052744039586853086, 0.0696441515610669, -0.01227940850452372, 0.0038596752981364113], [0.08918694782662083, -0.0746357034764395, -0.14199234014021722, -0.18998453981314137, -0.005788204730594326, -0.06853792093343741, 0.744621910394129, 0.10783546584934293, 0.11024956673232243, -0.1446343198639633, -0.02870334107015618, -0.09675287415068617], [-0.006747797451607723, 0.024940333247849056, -0.004569751078862178, -0.010813186478359257, -0.056413833555347515, 0.04125084007202004, 0.10783546584934293, 0.5070993413955031, 0.08945152793543322, 0.011886125013920973, -0.0166432694047364, 0.00748001793433567], [0.031226537764337207, -0.04141677526168677, -0.05131129195384927, -0.05115605337931774, 0.009242350683228706, -0.05274403958685307, 0.11024956673232243, 0.0894515279354332, 0.4891862510802475, 0.07826508019642643, -0.009230924720301147, -0.050093489689924026], [-0.03890796414462763, 0.034873096525615765, 0.04764876414430705, 0.06098029525747323, 0.0021915137141678698, 0.0696441515610669, -0.1446343198639633, 0.011886125013920973, 0.07826508019642642, 0.5399819904801751, 0.10690170367759805, -0.020968843122309733], [-0.008835218236099424, -0.010729763825122224, 0.021374762014219895, 0.002665265873301473, 0.014596227465767553, -0.012279408504523776, -0.02870334107015618, -0.016643269404736385, -0.009230924720301147, 0.10690170367759805, 0.47554056104319486, 0.13681093474242545], [-0.02185274671574461, 0.001732960591247723, 0.007636137916445851, 0.06533988081758638, -0.018018588520832157, 0.0038596752981364113, -0.09675287415068629, 0.007480017934335614, -0.05009348968992405, -0.020968843122309733, 0.13681093474242545, 0.5870272234164312]], [[0.0773839880197148, -0.03723139781745721, -0.046884948228380185, -0.021409161588095804, -0.03159255501034819, 0.018525019210795746, 0.016208117038725267, 0.0225668261532328, -0.001152635964874138, 0.01495225906605624, 0.009087543884664706, -0.02044477134142786], [-0.03723139781745721, 0.1521874391699119, 0.012645788242073436, -0.0007231782292495825, 0.007512250942978305, -0.026591694194082513, 0.029905708279643884, 0.008643487739518452, 0.02494434865451202, 0.0006238256906843098, -0.008405318050814958, 0.03450702572310571], [-0.046884948228380185, 0.012645788242073436, 0.24528567612932506, 0.020677762357705687, 0.016408086850553505, 0.014798138050735987, -0.053503715322363615, 0.02187781524685717, 0.003910866592017892, -0.0005291554204964743, 0.017302501748271748, 0.015634451552751893], [-0.021409161588095804, -0.0007231782292495825, 0.020677762357705687, 0.2950824558517538, 0.10180316749566198, -0.007277064729543786, 0.08059366346679747, -0.03003211005816825, 0.00991513737344285, 0.029563109294753254, 0.017493665720156093, 0.032475032934475734], [-0.03159255501034819, 0.007512250942978305, 0.016408086850553838, 0.10180316749566198, 0.36858215505725456, 0.14313291855684446, 0.03230123494702006, 0.016882525485296007, 0.00930492221277085, -0.027999245993047372, -0.01754520168044693, 0.004625407065110332], [0.018525019210795968, -0.026591694194082513, 0.014798138050735987, -0.007277064729543786, 0.14313291855684446, 0.5175885551041325, 0.1352280407290387, 0.061594124899626956, 0.013874688972030702, -0.00025814690156833464, 0.0061035723518440554, -0.012956353956699834], [0.016208117038725267, 0.029905708279643884, -0.053503715322363615, 0.08059366346679747, 0.03230123494702011, 0.1352280407290387, 0.6100925994417127, 0.12011496195405577, 0.10100899474374184, 0.05924194938755377, -0.011453504485466032, 0.05645122016439931], [0.0225668261532328, 0.008643487739518452, 0.02187781524685717, -0.030032110058168138, 0.016882525485295896, 0.061594124899626956, 0.12011496195405577, 0.5347759207675987, 0.10790379415375345, 0.00040117844060344465, 0.06001004131084292, -0.05464147574202918], [-0.001152635964874138, 0.02494434865451202, 0.003910866592017781, 0.00991513737344285, 0.00930492221277085, 0.013874688972030758, 0.10100899474374184, 0.10790379415375345, 0.5015787490427254, 0.12806800281752262, -0.030666910618759646, 0.047683945686785495], [0.01495225906605624, 0.0006238256906843098, -0.0005291554204964743, 0.029563109294753254, -0.027999245993047372, -0.00025814690156827913, 0.0592419493875538, 0.00040117844060344465, 0.12806800281752262, 0.502073332659731, 0.1414951962113425, 0.01473610368976061], [0.009087543884664706, -0.008405318050814958, 0.017302501748271748, 0.017493665720156093, -0.01754520168044693, 0.0061035723518440554, -0.011453504485466032, 0.06001004131084292, -0.030666910618759646, 0.1414951962113425, 0.536296097393711, 0.1280486594482571], [-0.02044477134142786, 0.034507025723105704, 0.015634451552751893, 0.032475032934475734, 0.004625407065110332, -0.012956353956699834, 0.05645122016439931, -0.05464147574202918, 0.047683945686785495, 0.014736103689760638, 0.12804865944825716, 0.5540070102770389]], [[0.009674774257109164, 0.009009194389776987, -0.006903251902831364, -0.003552678109046442, 0.0023785885180084287, 0.003171156135362785, 0.0004077877479833347, 0.006614792802931646, 0.002704519419844509, -0.011699030256449916, -0.0023847725263914654, -0.002337919612179551], [0.009009194389776987, 0.0488323907047009, 0.021677741812309748, 0.0036254375754162307, 0.00876918169467679, 0.015368693189347499, 0.014191836278923398, 0.01351299919222776, 0.0013398951030697825, -0.01690623162248342, -0.009212211252075109, 0.007705414606201499], [-0.006903251902831364, 0.021677741812309748, 0.11816003185831836, 0.057670491079639175, 0.0064568061398694865, 0.025133606167727696, 0.03180928122014448, 0.020041266299192007, -0.011934359706664677, 0.01637536553502561, 0.002003163986586509, -0.0027351530906088994], [-0.00355267810904647, 0.0036254375754162273, 0.057670491079639175, 0.17089782046014523, 0.10027772176251981, 0.024405390314267358, 0.03517761190936304, 0.02374958801314147, 0.019962116971102242, 0.039723979770441134, -0.017089532347425905, -0.019149457484449763], [0.0023785885180084287, 0.00876918169467679, 0.0064568061398694865, 0.10027772176251981, 0.23442930111882393, 0.09435950046779643, 0.021857659305118016, 0.02139877539120072, 0.0415742091316435, 0.03156820319939713, -0.07608145953590673, -0.06663940367271053], [0.003171156135362563, 0.015368693189347499, 0.025133606167727696, 0.02440539031426735, 0.09435950046779643, 0.29971094014993077, 0.10818754816186907, 0.047594107353181536, -0.0011889994852129493, -0.010238930261461276, -0.07107340227270265, -0.11162725816914555], [0.0004077877479833347, 0.014191836278923398, 0.0318092812201447, 0.03517761190936304, 0.021857659305118016, 0.10818754816186907, 0.3797265563571629, 0.12495497755329066, -0.0231887547652343, -0.018992467663997092, -0.048884621748073176, -0.0618623575221372], [0.006614792802931646, 0.01351299919222776, 0.020041266299192007, 0.02374958801314144, 0.02139877539120072, 0.047594107353181536, 0.12495497755329066, 0.3899958755022591, 0.0657556296904242, -0.047933812268202536, -0.020021841632860693, -0.04155454941556497], [0.002704519419844509, 0.0013398951030697825, -0.011934359706664677, 0.019962116971102235, 0.0415742091316435, -0.0011889994852129493, -0.0231887547652343, 0.0657556296904242, 0.36952540070191886, 0.12922762131368765, 0.029082244158331383, 0.0978918541200533], [-0.011699030256449916, -0.016906231622483364, 0.01637536553502561, 0.03972397977044115, 0.03156820319939713, -0.010238930261461276, -0.01899246766399698, -0.04793381226820237, 0.12922762131368765, 0.4497830666462488, 0.2241303775219916, 0.12094008887090885], [-0.0023847725263914654, -0.009212211252075109, 0.002003163986586509, -0.017089532347425926, -0.07608145953590673, -0.07107340227270265, -0.048884621748073176, -0.020021841632860693, 0.029082244158331383, 0.2241303775219916, 0.6458853885741377, 0.3520988689609432], [-0.002337919612179551, 0.007705414606201499, -0.0027351530906088994, -0.01914945748444977, -0.06663940367271051, -0.11162725816914555, -0.0618623575221372, -0.04155454941556497, 0.0978918541200533, 0.12094008887090885, 0.3520988689609432, 0.6766155601635765]], [[0.0044068720641182715, 0.005385618487460261, 0.0014523176962516482, -0.0007189601021246883, -0.0010082296791271705, -0.0026525368991170417, -0.002832066887183071, 0.0012956084704514037, 0.0018843785616056152, -0.001880761188803426, -0.00031953959538144616, 0.004076960700381882], [0.005385618487460261, 0.04024508593788473, 0.021602138746998394, -0.0009053386036627711, -0.00037692629453220383, -0.007312468696485538, -0.00010767969306174283, 0.0007963904922916702, 0.0023638131714023847, 0.002373090510225686, 0.000254315392676948, 0.0013464094313980074], [0.0014523176962517592, 0.021602138746998394, 0.08396118910877418, 0.03397832066868711, 0.0017231397283010152, 0.004529843970227876, -0.006467012936066663, -0.008992732395857073, -0.011744030265826377, -0.002958658197354219, -0.009126922784407021, -0.00020588819371852862], [-0.0007189601021242442, -0.0009053386036627711, 0.03397832066868711, 0.11724731318280945, 0.051995714958794736, 0.013160033491083523, 0.0019518738098974198, -0.010468396315276629, -0.004265290624266949, -0.0018323108900943907, 0.002747675638990088, 0.011363635591755128], [-0.0010082296791271705, -0.00037692629453220383, 0.0017231397283010152, 0.051995714958794625, 0.16269202954003104, 0.07524361814143188, 0.006038343842093952, -0.014052395067897572, -0.01241516004272647, 0.014451784238809606, 0.020021273632989722, 0.03927932181167315], [-0.0026525368991170417, -0.0073124686964855246, 0.004529843970227876, 0.013160033491083412, 0.07524361814143188, 0.2786794701537836, 0.09055346528738512, -0.0006620828113615418, 0.022084582383603668, 0.0227732223364438, 0.04409357149103066, 0.0051980317456644665], [-0.002832066887183071, -0.00010767969306173936, -0.006467012936066691, 0.0019518738098974198, 0.006038343842093952, 0.09055346528738523, 0.32093137645369935, 0.1652014010408101, 0.04943205023489333, 0.06126060495744562, 0.03893218618155547, 0.005095603110548241], [0.0012956084704514037, 0.0007963904922916702, -0.008992732395857128, -0.010468396315276629, -0.014052395067897627, -0.0006620828113614308, 0.1652014010408101, 0.4391671485266109, 0.19757721495939506, 0.036335075007255135, 0.032099675563168895, 0.04027561294934173], [0.0018843785616056152, 0.0023638131714023777, -0.011744030265826377, -0.004265290624266949, -0.01241516004272647, 0.022084582383603668, 0.04943205023489333, 0.19757721495939506, 0.42009550319370825, 0.13590764354196877, 0.03063831717496629, 0.02841807391254031], [-0.001880761188803537, 0.002373090510225686, -0.002958658197354219, -0.0018323108900943907, 0.014451784238809606, 0.0227732223364438, 0.06126060495744562, 0.03633507500725508, 0.13590764354196888, 0.46819676508552166, 0.18451894065732255, 0.03919378243890537], [-0.00031953959538144616, 0.00025431539267695147, -0.009126922784407021, 0.0027476756389901436, 0.020021273632989722, 0.04409357149103066, 0.03893218618155547, 0.032099675563168895, 0.03063831717496629, 0.18451894065732255, 0.5028274206672781, 0.17268996476738763], [0.004076960700381771, 0.0013464094313980005, -0.00020588819371852862, 0.011363635591755128, 0.039279321811673096, 0.0051980317456644665, 0.005095603110548241, 0.04027561294934173, 0.02841807391254031, 0.03919378243890548, 0.17268996476738757, 0.503624239232137]], [[0.6838587170548028, -0.16801768549594365, -0.38294308188257864, -0.3200537943239943, -0.24665392157784072, -0.20141695421782146, -0.19283030869326495, -0.18091847328944966, -0.11976720631976384, -0.11370026125713438, -0.0791488802873736, -0.06639495229295968], [-0.16801768549594387, 1.0485071979839673, 0.012643901328492746, 0.35352612928227284, 0.05076686435103084, -0.006942391344394727, -0.03388672962365735, 0.031400758157704906, -0.10876660465647708, -0.08662296180339737, -0.21869752290197242, -0.2012408361425973], [-0.38294308188257864, 0.012643901328492746, 0.6185004128039098, 0.30812820704580646, 0.24824212841629342, 0.2145657302742581, 0.16728039054332905, 0.15016984536974923, 0.09652987518365433, 0.09461758933747787, 0.04326655478357033, 0.058000760642123936], [-0.3200537943239943, 0.3535261292822728, 0.30812820704580646, 0.5938590251733306, 0.22942813268396106, 0.19598079016881165, 0.14969861921108968, 0.171711558686667, 0.06600662100093908, 0.04299733233122049, -0.03686619889226568, 0.004077661643679486], [-0.24665392157784072, 0.05076686435103084, 0.24824212841629342, 0.22942813268396112, 0.40514020234753356, 0.2543022416219554, 0.14428898432763923, 0.10929052867017638, 0.05350839826500886, 0.07538097907693575, 0.029722227778540722, -0.0012794020928166283], [-0.20141695421782146, -0.006942391344394616, 0.2145657302742581, 0.19598079016881165, 0.25430224162195536, 0.5958200388075275, 0.2611858683101826, 0.11368731662439857, 0.07500261144543822, 0.07807942319078431, 0.04931432994358214, 0.024200393390785058], [-0.19283030869326495, -0.03388672962365735, 0.167280390543329, 0.14969861921108968, 0.14428898432763923, 0.2611858683101826, 0.6234431002312126, 0.27975117597141613, 0.14573655946582176, 0.12497973754893418, 0.07417128759463332, 0.10408642361983853], [-0.18091847328944966, 0.03140075815770499, 0.15016984536974923, 0.171711558686667, 0.10929052867017638, 0.11368731662439857, 0.27975117597141613, 0.6486009607682711, 0.2529687356090385, 0.09029941985994142, 0.08736132180419795, 0.11028514064530068], [-0.11976720631976384, -0.10876660465647708, 0.09652987518365436, 0.06600662100093908, 0.05350839826500886, 0.07500261144543822, 0.14573655946582176, 0.2529687356090385, 0.566371646610091, 0.21671425318357804, 0.10573982067449766, 0.101699745114222], [-0.11370026125713435, -0.08662296180339732, 0.09461758933747787, 0.04299733233122047, 0.07538097907693575, 0.07807942319078431, 0.12497973754893418, 0.09029941985994144, 0.21671425318357804, 0.522961161383039, 0.17963374257393916, 0.06134594278612328], [-0.0791488802873736, -0.21869752290197242, 0.04326655478357033, -0.03686619889226568, 0.02972222777854075, 0.049314329943582154, 0.07417128759463332, 0.08736132180419795, 0.10573982067449764, 0.17963374257393916, 0.606314974912947, 0.24039499049022778], [-0.06639495229295968, -0.2012408361425973, 0.058000760642123936, 0.004077661643679479, -0.0012794020928166491, 0.02420039339078503, 0.10408642361983853, 0.11028514064530068, 0.101699745114222, 0.06134594278612328, 0.24039499049022778, 0.6038469743063823]], [[0.008172296823899416, 0.011072744937670853, -0.0026563608470335787, 0.0019589028090600813, 0.002681934278818243, -0.004295189214056805, -0.0017073354310119804, 0.0029225399234018568, 0.002199081563952099, 0.0009573934431084119, 0.002390780380037816, 5.205589641987807e-05], [0.011072744937670853, 0.05588568624748472, 0.025759801766442603