[{"scale_means": [98.39881313964543, 6.075342380450637, 0.8816131115722211, 1.766733796418563, 0.12086197430128144, 0.5705394099580748, -0.061726843412222, 0.17224027331988814, -0.05655928815122423, 0.00045695106487515785, -0.055836548307027216, -0.16909110353702947, 6.599722284463602], "scale_stddevs": [12.104382110800113, 3.4704159133626122, 3.370103873275164, 3.4107312270325427, 3.636761675380323, 3.000321218630429, 2.9808255710604024, 2.9540907721010754, 3.103929944957226, 3.0792703568662403, 2.9432698213763224, 2.97824059963148, 1.2176613636895988], "means": [[-2.501329595310667, 0.6840235707312592, 0.7604293449452713, -0.0921080954497099, 1.2083013948661367, 0.5043245188842632, -0.8005195347206476, 0.3277780000940345, 0.6237248648436138, 0.22687506254628467, 0.02357486340923086, 0.4072300641403204, -2.424672873580693], [-1.559848718450705, -0.09694754474176383, 0.4201331450748585, 1.0091661931693003, 0.6869247758988558, 0.7422573736632897, 0.3904684644428209, 0.6507510020025008, 0.736750866090198, 0.5326009475700847, 0.45073236103895686, 0.5022312779919047, -1.4088985283951798], [-2.7140709167062806, 0.372737314727343, 1.162376333647862, 0.6120502174854423, 1.2771003136143033, 0.65833195319338, -0.5602157059874101, 1.0356211969457465, 0.5263192057466838, 0.5081833141616776, 0.9745133068657434, 0.3332265338540706, -2.4335941964185763], [-0.47538286239691574, -0.619362330428404, -0.2475634465540009, -0.12104762865098365, 1.174499138209289, 0.5654991079202214, 0.022391054186390074, -0.39816934796872167, 0.010005298614442886, -0.2614907786624299, -0.34934736443216236, -0.980670838845027, -0.9082136665418838], [-2.931089739959678, 0.7321377140210221, 0.5083166068755945, 1.0113169334756626, 1.675537253708293, 0.3787536334605274, 0.39192150997804964, 0.7871075517899354, 0.7432921494749443, 0.4584826094009627, 0.603476216521324, 0.49669376105327673, -2.515664882306141], [0.6100315269264438, -1.0464590463425325, -1.110206519813075, -0.8416611831248383, -0.5282156208463556, -0.34132642929595186, -0.04157265980698955, -0.21972392419651177, -0.08462994765237085, 0.09412039929601969, -0.03483594157199677, 0.0685159464955988, 0.2033649459132661], [-2.881144914660703, 0.29353898355158986, 1.507017456730593, -0.009877145341577949, 0.243535231275303, 0.25644589827488234, -1.0519596779403542, 0.6893636525576806, 0.616812034463612, 0.7347682200122138, 1.1304005523125726, 0.6632231556348286, -2.935083412885522], [-2.4246862844660257, -0.38724447195004724, 1.5143928512182385, 0.962872019872771, -0.5277295328903757, 1.7883851397972572, -0.8510727150226081, -0.08614471135797144, 1.9170081371242396, -0.8998994139414684, 0.5358124949934079, 0.35136044929139965, -2.3546895566916595], [-0.7864700469981991, -1.6110245579738784, 0.14934020240585633, 0.1510004988199147, 0.6875497519823669, 0.3295987627369093, 0.5075978734194211, 0.23237499728836125, 0.3270310774828192, 0.19358360880164835, 0.08694286106618096, 0.2061309230602386, -1.0000288469622343], [-3.20990237312004, 0.4049211015192458, 0.9788669915778457, 0.703771524437836, 1.0699678783018978, 0.4793216174543927, 0.41272330962997306, 0.5525060015072014, 0.6849689008059971, 0.4410221643930418, 0.39678306696746085, 0.3857954716968617, -3.0472242483504317], [-1.62582194826338, 0.16050306856673557, 0.4576611110509377, 0.8828798407264578, 0.002316458604851198, 0.09592128367453487, 0.7205048840777732, -0.5540408464493489, 0.23273780795213148, 0.41197700354887, 0.06288305651366552, -0.25600963584260095, -1.64494366349697], [-2.870224061858998, -0.12926208232627917, 1.6770137519422441, 0.5997032763459301, 1.1903655532669581, 1.2688160994180346, -0.4453366367451419, 1.000152096741067, 0.5172546066406984, 0.2797098611701952, 0.9844255748129587, 0.13250778162450505, -2.673482645338178], [-0.17334933992849133, -0.93751681466058, -0.7461169160224317, -0.5531931203977266, 1.1093530565255396, 0.15849434733439846, 0.8753996964629907, -0.3118707130261935, 0.4266084706710526, -0.7516415532892164, -0.4716527768339485, -1.2190859771104825, -0.6398681590179216], [-0.9025171101115951, 0.8429142828556819, 0.6801949062276642, 1.4191984942072515, 1.0323574719953776, 0.4648788871166797, 0.628277248191413, 0.6552842211712311, 0.17223776665125992, 0.13405062227206777, 0.4152167415359341, 0.06560631912363223, -0.2405311189730689], [-3.0077448125720876, -0.0437973660584597, 1.5295550313047597, 0.4180193794852341, 0.9443798669366913, 1.1434016091133996, -0.6605380465169847, 0.5360630194101156, 0.30402714277850135, -0.09379929028410876, 0.42740419036037447, -0.11631926983990627, -3.0518005549645584], [-2.6216460500583127, -0.2843967914575615, 0.8396470820453543, 0.4255784100456853, 0.8702117936075427, 0.5069237518575976, 0.22757438321162063, 0.6833333871682737, 0.4981926193886575, 0.45383414109762055, 0.5263220851980044, 0.2788984709309909, -2.7854309310978804]], "n_train": 57567, "weights": [0.035094443403052025, 0.016238651696665083, 0.06253130083562876, 0.05051347741191071, 0.05615247651969387, 0.05120173900937006, 0.08334580905351874, 0.011546120139863354, 0.04043537296733171, 0.16137392198096642, 0.03545968897061786, 0.08384359898101004, 0.020718050166859875, 0.1611523472756903, 0.08119700876345809, 0.049195992824366534], "n_components": 16, "n_classes": 8, "n_features": 13, "covars": [[[0.1655598651991751, 0.052758508565533546, -0.020366057496280954, -0.09728512449054624, 0.0017201140583931185, -0.03616629979573305, -0.08485283831463653, 0.010445652663880978, -0.008055677346319401, 0.005532982427048694, -0.011879170976097295, 0.07728129667278727, 0.17322803956836985], [0.052758508565533546, 0.5165917561671854, 0.20117178118153634, -0.026738464800104444, -0.22717562788853485, -0.09410499426780167, 0.0893583106830918, -0.128085352527055, -0.19348151001829283, -0.09442870745128984, 0.008068988288052862, -0.11746899942918695, 0.23075961243376297], [-0.020366057496280954, 0.20117178118153634, 0.5403113584518742, 0.13261588535067703, -0.24240789182224443, -0.10081936517624307, -0.04482694450054536, -0.040750176832525103, -0.1913398392397635, -0.1051989670204872, 0.04675024592278601, -0.14724087097232474, 0.1247598729030912], [-0.09728512449054627, -0.026738464800104444, 0.13261588535067703, 0.38817794363632324, 0.11985766564016362, -0.0007848743762143146, 0.043774677217619476, 0.007627057856284727, -0.028931159304575155, -0.04711041912659983, -0.036097511681615964, -0.06414630719517903, -0.03260079068860727], [0.0017201140583926744, -0.22717562788853496, -0.24240789182224431, 0.11985766564016359, 0.526071995318763, 0.17129674892373115, 0.006379846437408743, 0.09197434263905258, 0.18371954282667424, 0.08612495955250937, -0.05306919461707252, 0.14486025592696716, -0.04316854635427436], [-0.03616629979573305, -0.09410499426780167, -0.10081936517624307, -0.0007848743762143146, 0.17129674892373115, 0.6448398602527262, 0.2274996743630442, 0.1283194738458045, 0.096763811944512, 0.07321496269709094, 0.06684372805025332, -0.016858930806180172, -0.024944652970336545], [-0.08485283831463653, 0.08935831068309186, -0.04482694450054536, 0.043774677217619476, 0.006379846437408854, 0.2274996743630442, 0.7965035737712599, 0.07745024090497166, -0.07406957730078595, 0.05501525636352311, 0.017573121789189888, -0.0725044994955964, -0.02261245736609596], [0.0104456526638812, -0.12808535252705502, -0.040750176832525103, 0.00762705785628472, 0.09197434263905258, 0.1283194738458045, 0.07745024090497166, 0.5931281082999803, 0.2615652011316586, 0.04875685883428055, -0.04228800835205908, -0.0034518541439485517, -0.00040572021904883293], [-0.008055677346319623, -0.19348151001829283, -0.1913398392397635, -0.028931159304575155, 0.18371954282667424, 0.096763811944512, -0.07406957730078595, 0.2615652011316586, 0.740707071422028, 0.2538816347882469, -0.06234985298832505, 0.08317961094226967, -0.07319909966936056], [0.005532982427048694, -0.09442870745128984, -0.1051989670204872, -0.04711041912659983, 0.08612495955250937, 0.07321496269709094, 0.05501525636352311, 0.04875685883428056, 0.253881634788247, 0.6636381582265943, 0.17848293478201302, 0.04520887888995383, -0.016934689597907893], [-0.011879170976097295, 0.008068988288052848, 0.04675024592278601, -0.03609751168161598, -0.053069194617072504, 0.06684372805025332, 0.01757312178918988, -0.04228800835205908, -0.06234985298832504, 0.17848293478201302, 0.6632480667979004, 0.16205985563692998, 0.00563505805146048], [0.07728129667278727, -0.11746899942918695, -0.1472408709723247, -0.06414630719517903, 0.14486025592696716, -0.016858930806180172, -0.07250449949559634, -0.003451854143948524, 0.08317961094226967, 0.0452088788899538, 0.16205985563692998, 0.7290266753926793, 0.03278283629809531], [0.17322803956836985, 0.23075961243376297, 0.1247598729030912, -0.03260079068860727, -0.04316854635427392, -0.02494465297033699, -0.02261245736609596, -0.00040572021904883293, -0.07319909966936033, -0.016934689597907893, 0.00563505805146048, 0.0327828362980952, 0.29142166981255413]], [[0.0046500000936285915, 0.005996862101058431, 0.0014992726927834932, -0.0008218277870890578, -0.0012132276314695822, -0.002691721008260206, -0.0028899998077740463, 0.0015125510991613744, 0.0021479005248838945, -0.002517745880823208, -0.0008788255979229609, 0.0033500927941632064, 0.0032786022115698366], [0.005996862101058431, 0.04519587090422485, 0.023239444530741577, -0.0007339224552333767, -0.00012506049542690412, -0.006863991178929205, 0.000490907032593163, 0.0002918482997359695, 0.0025497334194646837, 0.002589137862874423, -0.0015084555210461287, -0.0013156231998654663, 0.020003444356943872], [0.0014992726927833822, 0.02323944453074158, 0.08845420163417594, 0.03600305709004653, 0.002663074104737928, 0.004495876055243486, -0.006237205429750453, -0.010181593920853882, -0.013893162235787238, -0.0030447390126124574, -0.010729806539273246, -0.0034970476835195496, 0.024898203125952367], [-0.0008218277870888357, -0.0007339224552333906, 0.036003057090046586, 0.12254699968850102, 0.0529513398772542, 0.01243832145974244, 0.0025970260001303425, -0.010426743212530787, -0.00369704406804805, -0.00030145189956320984, 0.003943764373764869, 0.009597503796394014, 0.026784196426692608], [-0.0012132276314695822, -0.000125060495426918, 0.002663074104737928, 0.0529513398772542, 0.16233252436846574, 0.07669106132126002, 0.007443785307846618, -0.016401684049462184, -0.013453614282985471, 0.014654403729118026, 0.017454605829109182, 0.03512096634610412, 0.03121445905919762], [-0.002691721008259984, -0.006863991178929205, 0.004495876055243431, 0.01243832145974244, 0.07669106132126002, 0.28628428736582956, 0.09279946230375635, -0.00890857208514273, 0.016681787686691152, 0.023193609947622262, 0.043363546170476275, 0.0018051810237615373, 0.03774067097804257], [-0.0028899998077740463, 0.000490907032593163, -0.006237205429750453, 0.0025970260001302314, 0.007443785307846618, 0.09279946230375635, 0.32983708916560384, 0.16618902578296368, 0.04951670421098975, 0.06492690387413219, 0.038453898256028296, 0.0008550467150982011, 0.04356241669481886], [0.0015125510991613744, 0.0002918482997359695, -0.010181593920853882, -0.010426743212530787, -0.01640168404946213, -0.00890857208514273, 0.16618902578296368, 0.45189410039778233, 0.20109645045461988, 0.03453052294833997, 0.03550857597408069, 0.03877734927181109, 0.05075130128674887], [0.0021479005248838945, 0.00254973341946467, -0.013893162235787238, -0.00369704406804805, -0.013453614282985471, 0.016681787686691152, 0.04951670421098975, 0.20109645045461988, 0.4250632793686978, 0.13946217753591944, 0.03747333636924555, 0.02677315369461719, 0.04752335507586902], [-0.002517745880823319, 0.002589137862874409, -0.0030447390126124574, -0.00030145189956320984, 0.014654403729118026, 0.023193609947622262, 0.06492690387413214, 0.03453052294833997, 0.13946217753591955, 0.4759651508484696, 0.18803367353285352, 0.04525013193805172, 0.04359412412293051], [-0.0008788255979227388, -0.0015084555210461287, -0.010729806539273246, 0.003943764373764813, 0.017454605829109182, 0.04336354617047633, 0.038453898256028296, 0.035508575974080636, 0.03747333636924555, 0.18803367353285358, 0.5086048229709617, 0.1854005111290413, 0.047698305161280485], [0.0033500927941630954, -0.0013156231998654733, -0.0034970476835195496, 0.009597503796394014, 0.03512096634610412, 0.0018051810237615373, 0.0008550467150982011, 0.03877734927181109, 0.026773153694617247, 0.04525013193805172, 0.1854005111290413, 0.5157532437581253, 0.04436317040622195], [0.0032786022115698366, 0.020003444356943872, 0.024898203125952367, 0.026784196426692608, 0.03121445905919762, 0.03774067097804257, 0.04356241669481886, 0.050751301286749095, 0.04752335507586902, 0.04359412412293051, 0.047698305161280485, 0.04436317040622184, 0.059842010156297865]], [[0.02405697312810917, 0.008414225999545444, -0.05550941094045614, 0.0008118814154431941, 0.023957193051489245, -0.01671327791611188, -0.0074924262088185145, -0.002671979223038079, -0.008550955749851541, -0.006701104138193692, 0.02029547170416013, -0.005184448340787351, 0.012196111528633757], [0.008414225999545444, 0.08109063875479586, 0.037909774436594934, 0.012247759953413873, 0.006043049414860002, 0.007721451930941203, 0.021507744076201818, 0.014777535724693036, 0.015614595145359511, 0.025151691548618016, -0.01152562088465725, 0.011270886937069347, 0.04897582671902234], [-0.055509410940455695, 0.03790977443659499, 0.3872895272756588, 0.07326643686934842, -0.0730922389212354, 0.1240047214208323, 0.06573981943169294, 0.051255137185667765, 0.044066700920130986, 0.017256396152303344, -0.06881131481483393, 0.01858577009944845, 0.06320221673040072], [0.0008118814154431941, 0.012247759953413873, 0.07326643686934842, 0.2642938248784004, 0.1577731051167437, 0.07888644376757337, 0.15244762858070668, 0.08750846320460137, -0.011858741373937609, -0.021556799304513263, -0.0064019850040601955, -0.05985790383236092, 0.09646357904722969], [0.023957193051489245, 0.006043049414860002, -0.0730922389212354, 0.1577731051167437, 0.3461048698262389, 0.17569426813033084, 0.13019343234288028, 0.08892374303982042, 0.002845709713458433, -0.03721848548162199, -0.03724098513321428, -0.09478158153479843, 0.09714323055241847], [-0.016713277916111435, 0.007721451930941148, 0.1240047214208323, 0.07888644376757337, 0.17569426813033084, 0.49259515270275545, 0.22766114596763484, 0.10181298764939706, 0.04130059571459466, -0.001646177591622111, -0.1157343982891944, -0.090122005472598, 0.10559885036800964], [-0.0074924262088185145, 0.021507744076201846, 0.06573981943169294, 0.15244762858070665, 0.13019343234288028, 0.22766114596763484, 0.5528451914777551, 0.22211471696970425, 0.03691485043257775, 0.010497242165415477, -0.03886418021083682, -0.07252166406247121, 0.12587362135994096], [-0.002671979223038079, 0.014777535724693036, 0.051255137185667765, 0.08750846320460126, 0.08892374303982042, 0.10181298764939706, 0.2221147169697042, 0.518418286128194, 0.11201478449936597, 0.008375343571054739, -0.001269864270730725, -0.022536850888764948, 0.09859432472827123], [-0.008550955749851541, 0.015614595145359511, 0.044066700920130875, -0.011858741373937609, 0.002845709713458433, 0.04130059571459466, 0.03691485043257775, 0.11201478449936597, 0.46999918864998186, 0.18358372122658362, -0.020324702926463933, 0.07033677204657787, 0.04655821978171093], [-0.006701104138193692, 0.025151691548618044, 0.017256396152303344, -0.021556799304513263, -0.03721848548162199, -0.001646177591622111, 0.010497242165415477, 0.008375343571054739, 0.18358372122658362, 0.5294719991489688, 0.17161889497593785, 0.1144556664122798, 0.04223931105088008], [0.02029547170416013, -0.01152562088465725, -0.06881131481483393, -0.006401985004060307, -0.03724098513321428, -0.1157343982891944, -0.03886418021083671, -0.001269864270730725, -0.020324702926463933, 0.17161889497593785, 0.5969039414942419, 0.22852974609974624, 0.007852667542663117], [-0.005184448340787351, 0.011270886937069347, 0.01858577009944845, -0.059857903832360865, -0.09478158153479843, -0.090122005472598, -0.07252166406247121, -0.022536850888764948, 0.07033677204657784, 0.11445566641227986, 0.22852974609974636, 0.5831694340266158, 0.0101289146096315], [0.012196111528633757, 0.04897582671902234, 0.06320221673040072, 0.09646357904722969, 0.09714323055241847, 0.10559885036800964, 0.12587362135994096, 0.09859432472827123, 0.04655821978171071, 0.04223931105088008, 0.007852667542663117, 0.0101289146096315, 0.11939625666427]], [[0.020449264298873115, -0.012286989000175774, -0.01686353379516496, -0.017803585616856653, 0.012806292704748201, -0.01576098083554739, 0.02748961952023364, -0.011501416825752508, 0.00418161512040639, -0.015281447125311695, -0.0035149425456794947, -0.0075032610237039665, 0.015236242594347471], [-0.012286989000175774, 0.08244219677034076, 0.021697517285459683, 0.012373196606159098, -0.00975895601136334, 0.020323075819534353, -0.022332065373120883, 0.011736421725071722, -0.013579598677399904, 0.007363090193966443, -0.01931594587155369, -0.011512095419503598, 0.0018246277647834264], [-0.01686353379516496, 0.021697517285459683, 0.18342718613435813, 0.07462648116903914, -0.0288754684853067, 0.019566076407248528, -0.033870058808233794, 0.024822811433582934, -0.023672961492784198, 0.012297933974049352, -0.001718834149355225, 0.00042139091281276353, -0.00400683858846021], [-0.017803585616856646, 0.012373196606159098, 0.07462648116903914, 0.22191499058353314, 0.022023930811833653, 0.026801510715544416, -0.04409214596719415, 0.008400772709163888, -0.006054712770745297, 0.018592955967616266, 0.0014750298629066239, 0.02086451220920013, -0.0038507465516331024], [0.01280629270474809, -0.00975895601136334, -0.0288754684853067, 0.022023930811833653, 0.2342699820713695, 0.05958018518143182, 0.02321386575874273, -0.04240740876042021, 0.028493210299306827, -0.012437280087403302, -0.010784959494196111, -0.06251919604578471, 0.023755797051076666], [-0.01576098083554739, 0.020323075819534353, 0.019566076407248514, 0.02680151071554441, 0.05958018518143182, 0.37037631764170953, 0.006093075122499606, 0.02503088512041221, -0.010731148902008762, 0.03425234683976379, -0.020499419346967696, -0.05022060264497474, -0.0005144900248035267], [0.027489619520233648, -0.02233206537312089, -0.03387005880823381, -0.044092145967194143, 0.023213865758742756, 0.006093075122499609, 0.5142663461913156, 0.1118902422945025, 0.03173952981321754, -0.08727626953592978, -0.003026098834847165, 0.003557327503361001, 0.025937960166265428], [-0.011501416825752508, 0.011736421725071777, 0.024822811433582892, 0.008400772709163895, -0.04240740876042021, 0.02503088512041221, 0.1118902422945025, 0.4646270455719139, 0.06797202546775527, 0.016989053421294864, 0.013390231101927524, 0.033920369857212584, -0.008987530990580861], [0.0041816151204063885, -0.013579598677399904, -0.023672961492784198, -0.006054712770745297, 0.028493210299306848, -0.01073114890200877, 0.03173952981321753, 0.06797202546775527, 0.42525070027080186, 0.12437740501994711, 0.014408191485342035, -0.014226037707319563, 0.0036808498969911905], [-0.015281447125311709, 0.007363090193966415, 0.012297933974049352, 0.018592955967616266, -0.012437280087403357, 0.0342523468397638, -0.08727626953592979, 0.016989053421294878, 0.12437740501994714, 0.4849627653353228, 0.10975488767149738, -0.03945706362518825, -0.011973424548631068], [-0.0035149425456795225, -0.01931594587155369, -0.001718834149355225, 0.0014750298629066377, -0.010784959494196056, -0.020499419346967723, -0.0030260988348471546, 0.013390231101927524, 0.014408191485342042, 0.10975488767149738, 0.4601159218663628, 0.1313858930123688, -0.0052496750116478585], [-0.0075032610237039665, -0.011512095419503598, 0.0004213909128127913, 0.02086451220920013, -0.06251919604578471, -0.05022060264497474, 0.003557327503361008, 0.033920369857212584, -0.014226037707319552, -0.03945706362518825, 0.1313858930123688, 0.5394654615830906, -0.014409093391582584], [0.015236242594347582, 0.0018246277647835374, -0.00400683858846021, -0.003850746551633061, 0.023755797051076666, -0.0005144900248035267, 0.025937960166265435, -0.008987530990580861, 0.003680849896991181, -0.011973424548631068, -0.0052496750116478585, -0.014409093391582584, 0.022096372518552454]], [[0.03614178252788369, 0.022380980992039223, -0.07835712510585258, 0.007596388808493781, 0.02030772742062048, -0.03065699261274979, -0.0058940039767811925, -0.003092827370080542, -0.017276142629375713, 0.0022130958260551115, 0.006417572759081391, -0.011093103767130685, 0.021951516945588168], [0.022380980992039667, 0.07241109054434458, 0.014065084676231687, 0.015240790261761838, 0.014375937254940352, 0.007168957485437111, 0.016694071692285484, -0.0002926558073902408, 0.00028053303006303487, 0.01830633376707619, 0.012091131007821554, -0.007328676603600037, 0.05153007550738242], [-0.0783571251058528, 0.014065084676231632, 0.41764788677818115, 0.06633069111231227, -0.057221907204378586, 0.15520108144913786, 0.10456860870878806, 0.05450447764311189, 0.10144090010638718, 0.05662345642115049, -0.0065373194144838775, 0.04188253956547483, 0.06487725421331492], [0.0075963888084942255, 0.015240790261761616, 0.06633069111231227, 0.19767219333935604, 0.0638878113456045, -0.009749505376802914, 0.0402449086952586, 0.056521154465572376, 0.017891407991951214, -0.004708355289534116, 0.019207446714786358, 0.013192475858902264, 0.07156890010283012], [0.02030772742062137, 0.014375937254940352, -0.057221907204378586, 0.06388781134560384, 0.2101601135850243, 0.06877499331109216, -0.008497002721944868, 0.012275166935214132, -0.0023817356654085575, 0.0008863386495991943, -0.009741521402709674, -0.00044767337533513363, 0.04451244165566948], [-0.03065699261274979, 0.007168957485437111, 0.15520108144913786, -0.009749505376802914, 0.06877499331109216, 0.4608734079354846, 0.1893100750644035, 0.012790648666884064, 0.09180040438987258, 0.08251689398367762, -0.01186436941509783, 0.007414223934109038, 0.08049111547459264], [-0.0058940039767811925, 0.016694071692285484, 0.10456860870878812, 0.04024490869525865, -0.008497002721944868, 0.1893100750644035, 0.4585350165204908, 0.18344094339514805, 0.06193923813326285, 0.05921729563154626, 0.03519117832517707, 0.006474824426107445, 0.10036790401219464], [-0.003092827370080986, -0.0002926558073902408, 0.05450447764311189, 0.056521154465572376, 0.012275166935214132, 0.012790648666884064, 0.18344094339514805, 0.44906775300541946, 0.16311004945541763, 0.019993384925880597, 0.035172877073460895, 0.008942632829051833, 0.07179192643234278], [-0.017276142629375713, 0.00028053303006303487, 0.10144090010638718, 0.017891407991951214, -0.0023817356654085575, 0.09180040438987258, 0.06193923813326285, 0.16311004945541752, 0.47545679656057704, 0.1852658961425767, -0.00159737501317736, 0.031988974716047114, 0.0740287899208083], [0.0022130958260551115, 0.018306333767076133, 0.05662345642115049, -0.004708355289534116, 0.0008863386495991943, 0.08251689398367767, 0.05921729563154626, 0.019993384925880597, 0.1852658961425767, 0.4542105342091213, 0.14382952913145136, 0.017247993239788678, 0.07731113383094601], [0.006417572759081391, 0.012091131007821665, -0.0065373194144838775, 0.019207446714786358, -0.009741521402709896, -0.01186436941509783, 0.03519117832517707, 0.035172877073460784, -0.00159737501317736, 0.14382952913145136, 0.5242820628417916, 0.14205418449406315, 0.048735297038729364], [-0.01109310376713113, -0.007328676603600037, 0.04188253956547483, 0.013192475858902264, -0.00044767337533524465, 0.007414223934109038, 0.006474824426107445, 0.008942632829051778, 0.03198897471604706, 0.017247993239788678, 0.14205418449406315, 0.45831277445598134, 0.03181808620008875], [0.021951516945588168, 0.05153007550738242, 0.06487725421331492, 0.07156890010283012, 0.04451244165566948, 0.08049111547459264, 0.10036790401219464, 0.07179192643234278, 0.0740287899208083, 0.07731113383094601, 0.0487352970387287, 0.03181808620008875, 0.12684132301135842]], [[0.127062272421262, -0.09940367743551926, -0.06783844003279771, -0.06243249302567977, -0.004557016489123544, 0.006352073595687763, -0.027029929835372914, 0.03197438966272313, 0.020056566479842323, -0.03407130234031039, -0.04235839097453567, -0.02126217813332436, 0.1351332749827434], [-0.09940367743551926, 0.3006152834630519, 0.0158221399897287, -0.007723424181327543, -0.06530032689925369, -0.053396746222643676, 0.0259499875915851, -0.044696254414846315, -0.01972359860070111, 0.012155227313437447, 0.03255199637821694, 0.0031617710546839317, -0.08284659637592592], [-0.06783844003279771, 0.0158221399897287, 0.32426559911421193, 0.09487368927822981, 0.03264777051855361, -0.022939011856844715, -0.024486856847500713, 0.006087676390163582, 0.002635609987149623, 0.01219615045586818, -0.0038717886161891077, 0.016660391038692594, -0.09128302088965567], [-0.06243249302567977, -0.007723424181327543, 0.09487368927822981, 0.3704228140992768, 0.09024680002780533, 0.034354882677637866, -0.038997294054429976, -0.041637910293035624, 0.010602374095449743, 0.03139800372023457, 0.05150095934225549, 0.028897354651921548, -0.0893931421932658], [-0.004557016489123544, -0.06530032689925369, 0.03264777051855361, 0.09024680002780544, 0.35291733922316343, 0.13967798503147544, 0.008568590584241486, 0.00678653288038987, -0.017650124878270758, -0.014920140180431606, -0.0002885280077420324, 0.03831996663863146, -0.02331610927035388], [0.006352073595687763, -0.053396746222643676, -0.022939011856844715, 0.03435488267763781, 0.13967798503147544, 0.5921605004202393, 0.12579620305962827, -0.0020408105457803416, -0.016719035847507203, 0.011044229059824412, 0.05184561919038519, 0.014840699662222661, -0.005413391917069257], [-0.027029929835372914, 0.0259499875915851, -0.024486856847500724, -0.03899729405442997, 0.008568590584241486, 0.1257962030596283, 0.6429211456338237, 0.13505923484874133, -0.04902432755853535, 0.013870111062209284, -0.015786840268514676, 0.002075004700684465, -0.02196698057296724], [0.03197438966272313, -0.044696254414846315, 0.006087676390163638, -0.041637910293035624, 0.00678653288038987, -0.0020408105457803694, 0.13505923484874133, 0.7339745802793499, 0.22955179893265, -0.03435118788579397, -0.05295862794307345, -0.05192187674399845, 0.030895616797252334], [0.020056566479842323, -0.01972359860070111, 0.002635609987149623, 0.01060237409544973, -0.017650124878270758, -0.016719035847507203, -0.04902432755853532, 0.22955179893265001, 0.6723627749439545, 0.07299674043201743, -0.018425222183074307, -0.024357177142348918, 0.016106086198321327], [-0.03407130234031039, 0.012155227313437461, 0.01219615045586818, 0.03139800372023458, -0.014920140180431633, 0.011044229059824408, 0.01387011106220929, -0.03435118788579396, 0.07299674043201743, 0.761349375211759, 0.19766890619921768, -0.04601150787947569, -0.036432623449075996], [-0.04235839097453564, 0.03255199637821694, -0.003871788616189163, 0.051500959342255515, -0.00028852800774202547, 0.05184561919038519, -0.015786840268514648, -0.05295862794307345, -0.018425222183074307, 0.19766890619921768, 0.7217024325590299, 0.107267146386154, -0.04300321950127163], [-0.02126217813332436, 0.0031617710546839456, 0.016660391038692587, 0.028897354651921545, 0.038319966638631464, 0.014840699662222656, 0.002075004700684464, -0.05192187674399845, -0.024357177142348932, -0.04601150787947568, 0.107267146386154, 0.6510517003986614, -0.023054879331618372], [0.1351332749827434, -0.08284659637592598, -0.09128302088965567, -0.0893931421932658, -0.023316109270353907, -0.005413391917069257, -0.02196698057296724, 0.030895616797252338, 0.01610608619832133, -0.036432623449075996, -0.04300321950127163, -0.023054879331618372, 0.1577300642676721]], [[0.009568324398353867, 0.007995308563846781, -0.009169100514326622, -0.00553828298385349, 0.0012487312622839752, 0.0014737531624027245, -0.0007324858527897327, 0.005476774363438075, 0.003655006114878123, -0.010299057791045563, -0.0007233772609311906, 0.0006231591630321276, 0.008158081749670032], [0.00799530856384667, 0.0481417870283518, 0.018298844298930417, -0.002005906288126592, 0.0024113032968593184, 0.010477464444110962, 0.010967832766037355, 0.0107452307120115, 0.00189324791117218, -0.014984673496715978, -0.0015305622842763378, 0.01377401022873842, 0.022428123417090995], [-0.009169100514326622, 0.018298844298930417, 0.11905834639977064, 0.052896766560512114, -0.004947321949958783, 0.017688240614136153, 0.028883009331021725, 0.016803937277010794, -0.015886627067851822, 0.018381172774668775, 0.012336252723261332, 0.000141121903401209, 0.016846335767084497], [-0.0055382829838535146, -0.002005906288126592, 0.05289676656051211, 0.1608269931347416, 0.0827757420319035, 0.007806386778685328, 0.020496213184765594, 0.01428026282482319, 0.01897505147775794, 0.042869494313181135, -0.004305604598519799, -0.009943855161227807, 0.02297998333439346], [0.0012487312622838642, 0.0024113032968593184, -0.004947321949958672, 0.0827757420319035, 0.21895550676447453, 0.074476866009727, -0.0011461873033041803, 0.006424103307689721, 0.045361884224483756, 0.03824398749555788, -0.06266211589344284, -0.05488109281169064, 0.02523261828007417], [0.0014737531624026134, 0.010477464444110962, 0.017688240614136153, 0.007806386778685327, 0.07447686600972694, 0.286710167912437, 0.089896530459357, 0.03170470112068216, -0.0016284915870458383, -0.005610768997864224, -0.055160494175729685, -0.10485356708425236, 0.020234771500061588], [-0.0007324858527897327, 0.010967832766037355, 0.028883009331021725, 0.02049621318476556, -0.0011461873033041803, 0.089896530459357, 0.3720112681013369, 0.11094799524468035, -0.03225563096938178, -0.02159497863096993, -0.03770569591647965, -0.06021232524744613, 0.02319757567098968], [0.005476774363438075, 0.0107452307120115, 0.016803937277010572, 0.01428026282482319, 0.006424103307689749, 0.03170470112068216, 0.11094799524468035, 0.381896652525818, 0.06169369421029164, -0.053028179932937625, -0.01351926409840265, -0.03932670594200832, 0.029356955661125284], [0.003655006114878123, 0.00189324791117218, -0.015886627067851822, 0.018975051477757937, 0.045361884224483756, -0.0016284915870458383, -0.03225563096938178, 0.06169369421029158, 0.3729584143060728, 0.12502993772949494, 0.02493400394700296, 0.09931618042712209, 0.026142488847963108], [-0.010299057791045563, -0.014984673496715978, 0.01838117277466833, 0.04286949431318113, 0.03824398749555788, -0.005610768997864168, -0.02159497863096993, -0.053028179932937625, 0.12502993772949494, 0.4396358652187883, 0.2164101282240385, 0.11208172016206691, 0.016958909307340342], [-0.0007233772609320788, -0.0015305622842762823, 0.012336252723261332, -0.004305604598519816, -0.06266211589344278, -0.055160494175729685, -0.03770569591647965, -0.01351926409840265, 0.02493400394700307, 0.2164101282240385, 0.6358863322990672, 0.341213716993919, 0.023613816417781486], [0.0006231591630321276, 0.01377401022873842, 0.000141121903401209, -0.009943855161227807, -0.05488109281169061, -0.10485356708425239, -0.06021232524744613, -0.03932670594200838, 0.09931618042712209, 0.11208172016206691, 0.341213716993919, 0.6731996485075483, 0.02623216924819083], [0.008158081749670032, 0.022428123417090995, 0.016846335767084497, 0.022979983334393494, 0.02523261828007417, 0.020234771500061588, 0.02319757567098968, 0.029356955661125284, 0.026142488847963108, 0.016958909307340342, 0.023613816417781486, 0.026232169248190385, 0.040318289961896014]], [[0.33686786898818666, -0.08353095438946168, -0.023780052716022126, -0.13998452458020783, -0.2652878639132499, 0.0463217265298006, -0.3435035594507301, 0.1323095244639356, -0.14469740309817425, -0.20778651524825387, -0.0762974112026289, -0.2442421793072157, 0.37734682935325825], [-0.08353095438946168, 0.4321113070331698, -0.05915016055369815, -0.06607726544516007, 0.205640283973211, -0.44363661730240633, 0.3165990277399001, -0.1633063129169964, -0.03660803086344022, 0.1613686145424315, -0.3772101819310335, 0.14242369978370947, -0.06354165045907967], [-0.023780052716022126, -0.05915016055369815, 0.25694483441138394, 0.07676530975071083, -0.026928311932185034, 0.23434674099088992, -0.09247760774292169, 0.09042116974575569, 0.037202334353183986, -0.057246230401307274, 0.2003507431517927, -0.06434623463316308, 0.04838481857914889], [-0.13998452458020783, -0.06607726544516007, 0.07676530975071083, 0.49387895821646643, 0.2382591156810987, 0.3531777937408205, 0.3842483438183385, 0.06750811651599638, 0.1346008023334977, 0.2090843562421989, 0.33079584363719394, 0.17731949570153416, -0.03793631246846463], [-0.2652878639132501, 0.205640283973211, -0.026928311932185034, 0.2382591156810987, 1.4577645931719143, -0.10417150349294113, 1.010923990694049, 0.49107194662976916, -0.660297837753018, 1.0049782302065782, 0.31768576694293144, 0.29141069484016546, 0.03392819213735465], [0.0463217265298006, -0.44363661730240633, 0.23434674099088992, 0.3531777937408205, -0.10417150349294113, 1.386663341496614, -0.21735755487340747, 0.426035087772744, 0.1893885197554681, -0.2836623607906996, 0.890784132860381, -0.2656181093899779, 0.19336927076433508], [-0.3435035594507301, 0.3165990277399, -0.09247760774292169, 0.3842483438183385, 1.010923990694049, -0.2173575548734079, 1.8960234654279984, 0.2051025932872218, -0.20735667461928342, 1.044606442356544, 0.0259291861824677, 0.7033765801764256, -0.07526530786272367], [0.1323095244639356, -0.1633063129169964, 0.09042116974575568, 0.06750811651599639, 0.49107194662976916, 0.426035087772744, 0.2051025932872218, 1.152458215757145, -0.4235419056863968, 0.33853666539896465, 0.6410611367141399, -0.3012117274150159, 0.43130067495772784], [-0.14469740309817425, -0.03660803086344022, 0.037202334353183986, 0.13460080233349725, -0.660297837753018, 0.1893885197554681, -0.20735667461928342, -0.4235419056863968, 1.4412329310380194, -0.33879375488065766, -0.07570024062192904, 0.3602284152140135, -0.336530873620263], [-0.20778651524825387, 0.16136861454243162, -0.057246230401307274, 0.209084356242199, 1.0049782302065784, -0.2836623607906996, 1.044606442356544, 0.33853666539896465, -0.33879375488065766, 1.5780853048819312, 0.29378735088049873, 0.5676382436543803, 0.0684536115599288], [-0.0762974112026289, -0.3772101819310335, 0.2003507431517927, 0.33079584363719394, 0.31768576694293144, 0.890784132860381, 0.02592918618246781, 0.6410611367141399, -0.07570024062192882, 0.2937873508804988, 1.6224538587059527, -0.033431628656081264, 0.11986585765449442], [-0.2442421793072157, 0.14242369978370947, -0.06434623463316308, 0.17731949570153416, 0.2914106948401654, -0.2656181093899779, 0.7033765801764256, -0.30121172741501595, 0.3602284152140135, 0.5676382436543803, -0.03343162865608132, 1.3669878124803254, -0.20796039748122053], [0.37734682935325825, -0.06354165045907967, 0.04838481857914889, -0.03793631246846463, 0.03392819213735465, 0.19336927076433597, -0.07526530786272367, 0.43130067495772784, -0.3365308736202639, 0.0684536115599288, 0.11986585765449442, -0.20796039748122053, 0.6487715345512856]], [[1.00422589491991, -0.44842838422211895, -0.4299673313442757, -0.1291921607451995, -0.13737436112285561, -0.0839304300795527, -0.10010915820082267, -0.060025299850723524, -0.023473515013143154, -0.07735308893658005, -0.14131056360587685, -0.03583061404965074, 1.033189227256446], [-0.44842838422211895, 1.4309789605231886, 0.28948376489944944, 0.08559751019206865, -0.1274751443223625, -0.06949523942632818, -0.0997218603308454, -0.06604987536103418, -0.19848280736310298, -0.06653047029301479, -0.07788017490463783, -0.2158243312130455, -0.47346357344333034], [-0.42996733134427584, 0.2894837648994495, 0.949214598399839, 0.09616023553829069, 0.0807480076411195, 0.18917805906228147, -0.021598086155906658, 0.15189157133764272, -0.04266042507820885, 0.10636446733579256, 0.13132901256167895, 0.059843254323768025, -0.3435661271359851], [-0.1291921607451995, 0.08559751019206865, 0.09616023553829069, 0.7160915623023101, 0.268663164910335, 0.17818915742462535, 0.18545307346987394, 0.11352095022433781, 0.11825434876950053, -0.006361267143052005, -0.03138502772134386, 0.04753065747082699, -0.07073485409732236], [-0.13737436112285561, -0.1274751443223625, 0.0807480076411195, 0.268663164910335, 0.6740053522820568, 0.20613146162821766, 0.15688515297446487, 0.09090545961262833, 0.10894023711774536, 0.024001962784091835, 0.007121720400730357, 0.0381524827418985, -0.04834971554607925], [-0.0839304300795527, -0.06949523942632796, 0.18917805906228147, 0.1781891574246254, 0.20613146162821766, 0.7640877574800208, 0.2002064408702439, 0.21556452401052356, -0.009153306941439121, 0.05900955013592599, 0.012433885503513566, 0.03986624617766915, -0.01955473224411125], [-0.10010915820082267, -0.09972186033084585, -0.021598086155906665, 0.18545307346987394, 0.15688515297446487, 0.2002064408702439, 0.9045729813979254, 0.1229230789177689, 0.23261352210707878, -0.04153000754069404, 0.06820292772606742, 0.0021223025833686376, -0.07792339162441853], [-0.060025299850723524, -0.06604987536103418, 0.15189157133764275, 0.11352095022433781, 0.09090545961262828, 0.2155645240105235, 0.12292307891776895, 0.9474468348226285, 0.1360948730284688, 0.19099724680543956, 0.04528250652504229, 0.18552438417707107, 0.02697754157056792], [-0.023473515013143154, -0.19848280736310298, -0.04266042507820886, 0.1182543487695005, 0.10894023711774536, -0.009153306941439107, 0.23261352210707878, 0.1360948730284688, 0.7916026220707604, 0.10819521877875057, 0.12692097181232026, 0.08143620990983223, -0.004308042802330658], [-0.07735308893658005, -0.06653047029301479, 0.10636446733579254, -0.006361267143052008, 0.024001962784091807, 0.05900955013592599, -0.04153000754069403, 0.1909972468054396, 0.10819521877875057, 0.7309941300696354, 0.12553479672664886, 0.13631348542465482, -0.02372293537868747], [-0.1413105636058768, -0.07788017490463778, 0.13132901256167895, -0.03138502772134387, 0.007121720400730384, 0.012433885503513573, 0.06820292772606742, 0.045282506525042315, 0.12692097181232026, 0.12553479672664886, 0.7740675977353804, 0.20232243989187493, -0.14095085676889108], [-0.035830614049650794, -0.2158243312130455, 0.059843254323768025, 0.04753065747082699, 0.03815248274189856, 0.03986624617766915, 0.0021223025833686376, 0.18552438417707107, 0.08143620990983226, 0.13631348542465485, 0.20232243989187493, 0.816524856660622, 0.009415750370923764], [1.033189227256446, -0.47346357344333034, -0.3435661271359851, -0.07073485409732236, -0.04834971554607925, -0.019554732244111195, -0.07792339162441853, 0.02697754157056792, -0.004308042802330714, -0.02372293537868747, -0.14095085676889108, 0.009415750370923764, 1.1656635522956584]], [[0.007882745491086696, 0.010888173732066742, -0.0031025898111693984, 0.0010812483209985402, 0.001648641370172399, -0.005507179814524532, -0.002764234218043393, 0.0021032921317305497, 0.0010259625846660292, 0.0003194020578991541, 0.001669447596073681, -0.0006341333309760611, 0.008514159867839766], [0.010888173732066742, 0.058860115645493705, 0.026063160889654435, -0.00200316880460516, -0.004695630438558862, -0.012043127540975529, -0.0035170767330085784, 0.0013583464378360277, 0.004432398675510096, 0.008590793141114134, 0.004257178048179572, -0.008262386555916573, 0.02638992248019889], [-0.0031025898111693984, 0.026063160889654435, 0.11870322525795396, 0.0445760760338304, -0.0010576407761493378, 0.022823977729605704, 0.02169043159524503, 0.006587910772359429, 0.002257172642380123, 0.013673286815394259, 0.008283742308685282, 0.0022291188395274775, 0.029782118407382097], [0.0010812483209989843, -0.00200316880460516, 0.0445760760338304, 0.17774350978315906, 0.09863361287883421, 0.03894568217891342, 0.03074945743073787, 0.01570896568397706, -0.0061967619865122, -0.026924999529162552, 0.0001365623085061718, 0.0035780805805481486, 0.045201698529754086], [0.001648641370172399, -0.004695630438558862, -0.0010576407761493378, 0.09863361287883421, 0.2333033881636738, 0.10786961288831931, 0.023583734610838514, 0.02274822545468369, -0.010360735578659686, -0.01725878697701977, -0.01777344228961364, 0.004230563841245538, 0.04842722178990044], [-0.005507179814524532, -0.012043127540975473, 0.022823977729605704, 0.03894568217891342, 0.10786961